time,left_s0,left_s1,left_e0,left_e1,left_w0,left_w1,left_w2,right_s0,right_s1,right_e0,right_e1,right_w0,right_w1,right_w2
0.0000,0.2289,-0.1469,-1.4550,1.6786,-0.1549,0.0959,-0.0069,-0.2443,-0.1603,1.4538,1.7039,0.1595,0.0986,0.3260
0.0303,0.2282,-0.1515,-1.4557,1.6789,-0.1538,0.0951,-0.0065,-0.2443,-0.1626,1.4546,1.7069,0.1588,0.0970,0.3260
0.0702,0.2301,-0.1553,-1.4577,1.6820,-0.1545,0.0959,-0.0069,-0.2443,-0.1653,1.4550,1.7104,0.1584,0.0978,0.3256
0.1101,0.2301,-0.1634,-1.4573,1.6851,-0.1542,0.0951,-0.0073,-0.2443,-0.1726,1.4515,1.7150,0.1580,0.0974,0.3264
0.1505,0.2301,-0.1718,-1.4565,1.6866,-0.1538,0.0955,-0.0077,-0.2435,-0.1833,1.4473,1.7192,0.1549,0.0963,0.3260
0.1902,0.2301,-0.1795,-1.4557,1.6881,-0.1542,0.0955,-0.0077,-0.2435,-0.1925,1.4446,1.7238,0.1434,0.0986,0.3267
0.2199,0.2297,-0.1845,-1.4561,1.6920,-0.1538,0.0959,-0.0073,-0.2439,-0.1983,1.4423,1.7276,0.1427,0.0978,0.3264
0.2602,0.2305,-0.1929,-1.4554,1.6943,-0.1538,0.0986,-0.0073,-0.2439,-0.2082,1.4396,1.7326,0.1427,0.1009,0.3260
0.3001,0.2301,-0.1990,-1.4554,1.6966,-0.1530,0.0959,-0.0073,-0.2435,-0.2148,1.4362,1.7353,0.1415,0.1039,0.3264
0.3400,0.2301,-0.2040,-1.4554,1.6977,-0.1507,0.0966,-0.0073,-0.2443,-0.2213,1.4335,1.7384,0.1423,0.1070,0.3271
0.3799,0.2297,-0.2121,-1.4527,1.6993,-0.1469,0.0970,-0.0073,-0.2431,-0.2270,1.4289,1.7415,0.1419,0.1093,0.3264
0.4101,0.2297,-0.2151,-1.4500,1.7000,-0.1438,0.0955,-0.0077,-0.2428,-0.2305,1.4255,1.7422,0.1419,0.1097,0.3256
0.4501,0.2301,-0.2205,-1.4485,1.7035,-0.1438,0.0959,-0.0073,-0.2424,-0.2366,1.4224,1.7468,0.1419,0.1032,0.3260
0.4900,0.2297,-0.2282,-1.4439,1.7062,-0.1442,0.0982,-0.0069,-0.2424,-0.2424,1.4174,1.7514,0.1411,0.0986,0.3260
0.5302,0.2297,-0.2335,-1.4412,1.7096,-0.1438,0.0966,-0.0077,-0.2420,-0.2489,1.4132,1.7545,0.1415,0.1012,0.3264
0.5705,0.2297,-0.2385,-1.4366,1.7127,-0.1438,0.0978,-0.0073,-0.2420,-0.2550,1.4070,1.7599,0.1419,0.1001,0.3248
0.6000,0.2289,-0.2454,-1.4316,1.7146,-0.1438,0.0978,-0.0077,-0.2416,-0.2600,1.4036,1.7618,0.1419,0.1070,0.3264
0.6400,0.2286,-0.2512,-1.4274,1.7169,-0.1438,0.0974,-0.0077,-0.2412,-0.2658,1.3986,1.7648,0.1415,0.1143,0.3260
0.6799,0.2286,-0.2569,-1.4247,1.7200,-0.1438,0.0966,-0.0073,-0.2408,-0.2734,1.3940,1.7694,0.1415,0.1127,0.3264
0.7202,0.2289,-0.2642,-1.4208,1.7223,-0.1430,0.0982,-0.0073,-0.2401,-0.2761,1.3886,1.7729,0.1419,0.1147,0.3256
0.7602,0.2289,-0.2673,-1.4193,1.7246,-0.1446,0.0978,-0.0073,-0.2382,-0.2807,1.3848,1.7752,0.1415,0.1108,0.3256
0.7902,0.2286,-0.2711,-1.4185,1.7265,-0.1438,0.0974,-0.0073,-0.2362,-0.2834,1.3837,1.7775,0.1419,0.1066,0.3256
0.8300,0.2278,-0.2773,-1.4128,1.7276,-0.1438,0.0989,-0.0077,-0.2351,-0.2884,1.3798,1.7813,0.1415,0.0989,0.3256
0.8701,0.2270,-0.2830,-1.4090,1.7311,-0.1434,0.0974,-0.0073,-0.2320,-0.2918,1.3779,1.7825,0.1423,0.1005,0.3267
0.9100,0.2270,-0.2876,-1.4063,1.7349,-0.1434,0.0978,-0.0073,-0.2309,-0.2957,1.3756,1.7879,0.1423,0.0978,0.3264
0.9501,0.2259,-0.2938,-1.4028,1.7365,-0.1438,0.1024,-0.0073,-0.2293,-0.2991,1.3733,1.7898,0.1411,0.1078,0.3260
0.9799,0.2255,-0.2938,-1.4017,1.7392,-0.1430,0.1032,-0.0069,-0.2286,-0.3003,1.3718,1.7921,0.1419,0.1131,0.3260
1.0199,0.2247,-0.2968,-1.3990,1.7411,-0.1442,0.1047,-0.0073,-0.2274,-0.3014,1.3710,1.7944,0.1419,0.1131,0.3264
1.0601,0.2240,-0.2976,-1.3982,1.7422,-0.1446,0.1043,-0.0069,-0.2251,-0.3022,1.3706,1.7967,0.1415,0.1139,0.3256
1.1001,0.2224,-0.2995,-1.3959,1.7434,-0.1446,0.1020,-0.0077,-0.2236,-0.3030,1.3679,1.7994,0.1423,0.1097,0.3260
1.1402,0.2220,-0.3026,-1.3925,1.7457,-0.1442,0.1032,-0.0069,-0.2228,-0.3064,1.3652,1.8013,0.1423,0.1055,0.3260
1.1703,0.2205,-0.3060,-1.3894,1.7468,-0.1434,0.1035,-0.0073,-0.2205,-0.3079,1.3641,1.8028,0.1423,0.1009,0.3260
1.2102,0.2197,-0.3087,-1.3860,1.7518,-0.1430,0.0959,-0.0077,-0.2201,-0.3099,1.3629,1.8063,0.1423,0.0974,0.3256
1.2501,0.2186,-0.3148,-1.3825,1.7560,-0.1442,0.1035,-0.0069,-0.2209,-0.3129,1.3595,1.8120,0.1419,0.0997,0.3252
1.2902,0.2178,-0.3191,-1.3790,1.7599,-0.1438,0.1020,-0.0077,-0.2201,-0.3164,1.3568,1.8162,0.1419,0.1032,0.3264
1.3300,0.2163,-0.3241,-1.3764,1.7660,-0.1438,0.0993,-0.0065,-0.2201,-0.3202,1.3560,1.8220,0.1419,0.1058,0.3260
1.3700,0.2151,-0.3294,-1.3714,1.7702,-0.1438,0.1043,-0.0069,-0.2205,-0.3225,1.3537,1.8277,0.1419,0.1078,0.3256
1.4004,0.2144,-0.3329,-1.3691,1.7744,-0.1438,0.1055,-0.0069,-0.2201,-0.3244,1.3522,1.8323,0.1415,0.1081,0.3260
1.4402,0.2121,-0.3386,-1.3656,1.7794,-0.1442,0.1028,-0.0073,-0.2205,-0.3264,1.3499,1.8373,0.1423,0.1039,0.3260
1.4801,0.2102,-0.3428,-1.3614,1.7848,-0.1427,0.1020,-0.0073,-0.2197,-0.3294,1.3484,1.8427,0.1415,0.1039,0.3260
1.5199,0.2079,-0.3471,-1.3587,1.7902,-0.1430,0.1032,-0.0077,-0.2213,-0.3325,1.3472,1.8477,0.1427,0.1055,0.3256
1.5606,0.2048,-0.3494,-1.3568,1.7944,-0.1434,0.1051,-0.0077,-0.2220,-0.3329,1.3468,1.8527,0.1427,0.1070,0.3260
1.5902,0.2029,-0.3501,-1.3553,1.7994,-0.1438,0.1020,-0.0073,-0.2236,-0.3336,1.3457,1.8573,0.1419,0.1032,0.3256
1.6300,0.2006,-0.3547,-1.3518,1.8047,-0.1430,0.1051,-0.0077,-0.2247,-0.3356,1.3442,1.8630,0.1423,0.1047,0.3256
1.6701,0.1979,-0.3559,-1.3488,1.8105,-0.1442,0.1039,-0.0069,-0.2266,-0.3382,1.3434,1.8676,0.1415,0.1043,0.3256
1.7102,0.1963,-0.3601,-1.3465,1.8166,-0.1438,0.1047,-0.0077,-0.2293,-0.3382,1.3426,1.8734,0.1411,0.1020,0.3260
1.7502,0.1940,-0.3609,-1.3442,1.8212,-0.1446,0.1108,-0.0065,-0.2320,-0.3402,1.3411,1.8776,0.1411,0.1070,0.3267
1.7802,0.1925,-0.3616,-1.3430,1.8270,-0.1438,0.1093,-0.0073,-0.2335,-0.3409,1.3403,1.8826,0.1407,0.1051,0.3256
1.8201,0.1929,-0.3636,-1.3407,1.8346,-0.1430,0.1074,-0.0073,-0.2382,-0.3409,1.3395,1.8891,0.1415,0.1043,0.3260
1.8601,0.1929,-0.3659,-1.3380,1.8431,-0.1419,0.1047,-0.0073,-0.2428,-0.3413,1.3395,1.8972,0.1411,0.1032,0.3256
1.9002,0.1952,-0.3674,-1.3346,1.8519,-0.1384,0.1078,-0.0077,-0.2489,-0.3428,1.3388,1.9048,0.1411,0.1062,0.3267
1.9402,0.1960,-0.3689,-1.3326,1.8611,-0.1361,0.1078,-0.0077,-0.2546,-0.3428,1.3376,1.9113,0.1411,0.1055,0.3260
1.9701,0.1983,-0.3697,-1.3307,1.8676,-0.1338,0.1074,-0.0065,-0.2589,-0.3428,1.3365,1.9163,0.1407,0.1058,0.3260
2.0103,0.2021,-0.3697,-1.3296,1.8776,-0.1346,0.1081,-0.0077,-0.2661,-0.3432,1.3357,1.9244,0.1411,0.1074,0.3260
2.0503,0.2048,-0.3701,-1.3265,1.8860,-0.1350,0.1081,-0.0073,-0.2730,-0.3428,1.3361,1.9317,0.1407,0.1074,0.3264
2.0902,0.2105,-0.3720,-1.3265,1.8968,-0.1350,0.1058,-0.0077,-0.2815,-0.3428,1.3357,1.9397,0.1407,0.1051,0.3260
2.1301,0.2186,-0.3712,-1.3257,1.9094,-0.1350,0.1085,-0.0069,-0.2907,-0.3436,1.3357,1.9489,0.1411,0.1078,0.3260
2.1603,0.2251,-0.3731,-1.3250,1.9167,-0.1342,0.1081,-0.0073,-0.2964,-0.3444,1.3357,1.9554,0.1411,0.1078,0.3267
2.2003,0.2355,-0.3724,-1.3242,1.9286,-0.1342,0.1078,-0.0073,-0.3068,-0.3440,1.3349,1.9646,0.1411,0.1070,0.3256
2.2400,0.2474,-0.3747,-1.3227,1.9416,-0.1342,0.1104,-0.0073,-0.3164,-0.3440,1.3346,1.9738,0.1411,0.1081,0.3252
2.2805,0.2581,-0.3747,-1.3211,1.9508,-0.1350,0.1116,-0.0073,-0.3287,-0.3444,1.3349,1.9804,0.1411,0.1085,0.3264
2.3202,0.2704,-0.3747,-1.3200,1.9604,-0.1338,0.1093,-0.0069,-0.3379,-0.3444,1.3346,1.9877,0.1411,0.1074,0.3260
2.3500,0.2800,-0.3751,-1.3204,1.9681,-0.1346,0.1097,-0.0073,-0.3448,-0.3444,1.3342,1.9934,0.1411,0.1078,0.3256
2.3902,0.2926,-0.3758,-1.3200,1.9773,-0.1346,0.1108,-0.0073,-0.3532,-0.3451,1.3346,1.9992,0.1411,0.1074,0.3256
2.4302,0.3045,-0.3762,-1.3204,1.9850,-0.1346,0.1093,-0.0069,-0.3609,-0.3444,1.3349,2.0045,0.1407,0.1062,0.3256
2.4701,0.3172,-0.3774,-1.3208,1.9930,-0.1350,0.1081,-0.0077,-0.3701,-0.3455,1.3349,2.0110,0.1404,0.1074,0.3256
2.5100,0.3283,-0.3777,-1.3215,1.9999,-0.1350,0.1093,-0.0077,-0.3774,-0.3471,1.3357,2.0180,0.1404,0.1081,0.3256
2.5400,0.3371,-0.3774,-1.3215,2.0030,-0.1346,0.1089,-0.0077,-0.3820,-0.3482,1.3353,2.0218,0.1411,0.1085,0.3256
2.5802,0.3463,-0.3781,-1.3234,2.0099,-0.1350,0.1062,-0.0073,-0.3889,-0.3478,1.3361,2.0283,0.1407,0.1078,0.3260
2.6203,0.3563,-0.3793,-1.3246,2.0157,-0.1338,0.1074,-0.0077,-0.3973,-0.3490,1.3376,2.0329,0.1411,0.1124,0.3252
2.6602,0.3655,-0.3793,-1.3261,2.0203,-0.1358,0.1070,-0.0065,-0.4019,-0.3501,1.3380,2.0364,0.1407,0.1139,0.3260
2.7022,0.3724,-0.3804,-1.3277,2.0252,-0.1350,0.1078,-0.0073,-0.4080,-0.3490,1.3395,2.0387,0.1407,0.1135,0.3260
2.7402,0.3797,-0.3816,-1.3288,2.0298,-0.1342,0.1070,-0.0073,-0.4115,-0.3482,1.3418,2.0421,0.1411,0.1150,0.3260
2.7701,0.3843,-0.3835,-1.3292,2.0333,-0.1346,0.1074,-0.0073,-0.4138,-0.3482,1.3426,2.0440,0.1411,0.1170,0.3256
2.8101,0.3896,-0.3846,-1.3307,2.0383,-0.1350,0.1074,-0.0069,-0.4157,-0.3494,1.3445,2.0444,0.1407,0.1185,0.3264
2.8502,0.3946,-0.3858,-1.3334,2.0429,-0.1350,0.1089,-0.0073,-0.4165,-0.3478,1.3445,2.0444,0.1411,0.1208,0.3260
2.8900,0.4008,-0.3854,-1.3346,2.0471,-0.1346,0.1108,-0.0077,-0.4165,-0.3482,1.3465,2.0440,0.1407,0.1204,0.3267
2.9302,0.4061,-0.3839,-1.3365,2.0525,-0.1346,0.1104,-0.0069,-0.4161,-0.3478,1.3491,2.0421,0.1407,0.1212,0.3256
2.9600,0.4088,-0.3843,-1.3384,2.0544,-0.1354,0.1124,-0.0077,-0.4146,-0.3471,1.3495,2.0413,0.1411,0.1220,0.3260
3.0003,0.4123,-0.3831,-1.3392,2.0563,-0.1350,0.1135,-0.0077,-0.4142,-0.3482,1.3507,2.0398,0.1404,0.1227,0.3260
3.0402,0.4153,-0.3827,-1.3392,2.0563,-0.1350,0.1150,-0.0077,-0.4115,-0.3478,1.3530,2.0352,0.1404,0.1304,0.3264
3.0802,0.4153,-0.3827,-1.3392,2.0555,-0.1350,0.1154,-0.0073,-0.4092,-0.3467,1.3534,2.0295,0.1404,0.1384,0.3256
3.1201,0.4165,-0.3808,-1.3392,2.0544,-0.1342,0.1166,-0.0073,-0.4061,-0.3463,1.3537,2.0249,0.1400,0.1327,0.3256
3.1501,0.4142,-0.3800,-1.3380,2.0517,-0.1350,0.1170,-0.0069,-0.4019,-0.3459,1.3530,2.0164,0.1396,0.1388,0.3260
3.1902,0.4123,-0.3777,-1.3376,2.0494,-0.1342,0.1158,-0.0077,-0.3954,-0.3444,1.3534,2.0084,0.1381,0.1304,0.3260
3.2301,0.4088,-0.3770,-1.3380,2.0467,-0.1342,0.1181,-0.0073,-0.3877,-0.3432,1.3537,1.9988,0.1377,0.1220,0.3264
3.2704,0.4046,-0.3735,-1.3380,2.0390,-0.1350,0.1220,-0.0077,-0.3766,-0.3398,1.3530,1.9846,0.1354,0.1319,0.3267
3.3100,0.4000,-0.3697,-1.3361,2.0333,-0.1354,0.1181,-0.0073,-0.3662,-0.3379,1.3518,1.9731,0.1346,0.1338,0.3267
3.3402,0.3965,-0.3682,-1.3357,2.0291,-0.1346,0.1204,-0.0073,-0.3586,-0.3356,1.3526,1.9669,0.1338,0.1296,0.3260
3.3813,0.3908,-0.3636,-1.3338,2.0229,-0.1342,0.1220,-0.0073,-0.3490,-0.3344,1.3518,1.9574,0.1338,0.1308,0.3256
3.4200,0.3820,-0.3593,-1.3334,2.0149,-0.1335,0.1227,-0.0073,-0.3356,-0.3310,1.3503,1.9439,0.1327,0.1415,0.3256
3.4602,0.3754,-0.3551,-1.3326,2.0080,-0.1335,0.1216,-0.0073,-0.3248,-0.3275,1.3522,1.9328,0.1323,0.1354,0.3267
3.5004,0.3666,-0.3520,-1.3326,1.9984,-0.1331,0.1223,-0.0077,-0.3122,-0.3248,1.3507,1.9217,0.1304,0.1384,0.3264
3.5301,0.3590,-0.3490,-1.3307,1.9907,-0.1319,0.1246,-0.0073,-0.3018,-0.3229,1.3495,1.9117,0.1308,0.1388,0.3256
3.5703,0.3482,-0.3421,-1.3296,1.9808,-0.1277,0.1231,-0.0077,-0.2884,-0.3183,1.3484,1.8983,0.1304,0.1369,0.3260
3.6102,0.3398,-0.3386,-1.3300,1.9708,-0.1250,0.1246,-0.0073,-0.2769,-0.3137,1.3480,1.8868,0.1296,0.1354,0.3264
3.6500,0.3302,-0.3340,-1.3292,1.9608,-0.1239,0.1281,-0.0069,-0.2635,-0.3114,1.3472,1.8726,0.1308,0.1419,0.3264
3.6900,0.3206,-0.3317,-1.3288,1.9524,-0.1243,0.1266,-0.0073,-0.2504,-0.3087,1.3465,1.8600,0.1300,0.1365,0.3264
3.7201,0.3148,-0.3298,-1.3292,1.9485,-0.1254,0.1266,-0.0081,-0.2416,-0.3056,1.3457,1.8504,0.1300,0.1327,0.3264
3.7601,0.3095,-0.3271,-1.3284,1.9409,-0.1250,0.1296,-0.0073,-0.2301,-0.3030,1.3445,1.8392,0.1296,0.1315,0.3260
3.8005,0.3053,-0.3248,-1.3292,1.9351,-0.1246,0.1285,-0.0073,-0.2190,-0.3014,1.3442,1.8289,0.1304,0.1350,0.3260
3.8400,0.3022,-0.3233,-1.3292,1.9305,-0.1250,0.1285,-0.0077,-0.2105,-0.2995,1.3442,1.8205,0.1296,0.1392,0.3264
3.8800,0.2999,-0.3202,-1.3284,1.9213,-0.1239,0.1346,-0.0069,-0.2033,-0.2972,1.3438,1.8109,0.1300,0.1423,0.3256
3.9099,0.2980,-0.3191,-1.3288,1.9186,-0.1246,0.1292,-0.0073,-0.1979,-0.2968,1.3438,1.8051,0.1304,0.1361,0.3264
3.9502,0.2984,-0.3191,-1.3284,1.9136,-0.1254,0.1289,-0.0077,-0.1925,-0.2968,1.3438,1.7990,0.1304,0.1342,0.3260
3.9901,0.2976,-0.3179,-1.3284,1.9094,-0.1258,0.1273,-0.0073,-0.1887,-0.2957,1.3438,1.7932,0.1296,0.1358,0.3260
4.0300,0.2976,-0.3152,-1.3288,1.9044,-0.1254,0.1273,-0.0073,-0.1860,-0.2953,1.3434,1.7890,0.1300,0.1381,0.3256
4.0702,0.2976,-0.3164,-1.3288,1.9010,-0.1262,0.1285,-0.0073,-0.1845,-0.2941,1.3426,1.7859,0.1300,0.1388,0.3260
4.1103,0.2980,-0.3156,-1.3296,1.8983,-0.1273,0.1304,-0.0073,-0.1841,-0.2949,1.3430,1.7829,0.1304,0.1415,0.3260
4.1404,0.2968,-0.3137,-1.3288,1.8918,-0.1312,0.1361,-0.0065,-0.1810,-0.2930,1.3434,1.7760,0.1300,0.1404,0.3267
4.1800,0.2945,-0.3122,-1.3296,1.8837,-0.1331,0.1396,-0.0073,-0.1799,-0.2926,1.3426,1.7660,0.1300,0.1365,0.3256
4.2199,0.2926,-0.3102,-1.3307,1.8780,-0.1323,0.1331,-0.0073,-0.1776,-0.2907,1.3430,1.7579,0.1319,0.1327,0.3264
4.2602,0.2888,-0.3064,-1.3311,1.8680,-0.1335,0.1292,-0.0073,-0.1745,-0.2888,1.3415,1.7480,0.1327,0.1319,0.3256
4.3002,0.2834,-0.3041,-1.3307,1.8603,-0.1342,0.1250,-0.0077,-0.1714,-0.2846,1.3422,1.7415,0.1331,0.1212,0.3256
4.3300,0.2784,-0.3045,-1.3311,1.8538,-0.1354,0.1254,-0.0073,-0.1676,-0.2819,1.3422,1.7361,0.1331,0.1197,0.3264
4.3702,0.2730,-0.3018,-1.3311,1.8469,-0.1350,0.1258,-0.0069,-0.1641,-0.2800,1.3411,1.7296,0.1327,0.1208,0.3260
4.4101,0.2658,-0.2991,-1.3303,1.8400,-0.1369,0.1277,-0.0073,-0.1592,-0.2792,1.3403,1.7238,0.1350,0.1239,0.3264
4.4500,0.2569,-0.2980,-1.3303,1.8293,-0.1404,0.1292,-0.0069,-0.1538,-0.2796,1.3384,1.7142,0.1358,0.1381,0.3256
4.4902,0.2485,-0.2945,-1.3311,1.8216,-0.1404,0.1250,-0.0077,-0.1496,-0.2792,1.3384,1.7108,0.1373,0.1308,0.3260
4.5202,0.2412,-0.2938,-1.3319,1.8139,-0.1419,0.1262,-0.0081,-0.1461,-0.2792,1.3388,1.7043,0.1369,0.1354,0.3260
4.5603,0.2312,-0.2903,-1.3319,1.8028,-0.1446,0.1281,-0.0077,-0.1388,-0.2773,1.3369,1.6962,0.1419,0.1327,0.3256
4.6002,0.2194,-0.2872,-1.3323,1.7917,-0.1461,0.1258,-0.0073,-0.1312,-0.2773,1.3372,1.6885,0.1446,0.1319,0.3260
4.6402,0.2071,-0.2849,-1.3326,1.7810,-0.1511,0.1304,-0.0073,-0.1250,-0.2765,1.3365,1.6812,0.1492,0.1327,0.3260
4.6802,0.1940,-0.2796,-1.3323,1.7683,-0.1549,0.1300,-0.0077,-0.1173,-0.2753,1.3349,1.6720,0.1526,0.1327,0.3256
4.7100,0.1837,-0.2788,-1.3326,1.7595,-0.1572,0.1239,-0.0073,-0.1116,-0.2750,1.3361,1.6667,0.1542,0.1281,0.3260
4.7502,0.1707,-0.2750,-1.3334,1.7484,-0.1568,0.1250,-0.0073,-0.1055,-0.2746,1.3353,1.6586,0.1545,0.1273,0.3256
4.7903,0.1584,-0.2727,-1.3338,1.7388,-0.1626,0.1285,-0.0065,-0.0986,-0.2738,1.3357,1.6506,0.1645,0.1304,0.3260
4.8299,0.1438,-0.2688,-1.3338,1.7253,-0.1726,0.1312,-0.0077,-0.0913,-0.2723,1.3353,1.6429,0.1753,0.1243,0.3260
4.8700,0.1319,-0.2654,-1.3361,1.7142,-0.1795,0.1250,-0.0073,-0.0848,-0.2723,1.3361,1.6356,0.1806,0.1204,0.3264
4.9000,0.1212,-0.2642,-1.3372,1.7046,-0.1818,0.1262,-0.0069,-0.0794,-0.2723,1.3357,1.6299,0.1810,0.1162,0.3256
4.9404,0.1093,-0.2592,-1.3384,1.6958,-0.1825,0.1258,-0.0073,-0.0725,-0.2715,1.3353,1.6226,0.1814,0.1173,0.3264
4.9802,0.0978,-0.2577,-1.3395,1.6851,-0.1906,0.1273,-0.0073,-0.0675,-0.2704,1.3361,1.6176,0.1956,0.1035,0.3260
5.0200,0.0867,-0.2516,-1.3407,1.6743,-0.2006,0.1250,-0.0077,-0.0629,-0.2688,1.3365,1.6114,0.2048,0.1028,0.3256
5.0602,0.0775,-0.2493,-1.3426,1.6640,-0.2056,0.1258,-0.0073,-0.0610,-0.2696,1.3372,1.6084,0.2059,0.0993,0.3267
5.0899,0.0713,-0.2489,-1.3418,1.6578,-0.2052,0.1250,-0.0073,-0.0594,-0.2692,1.3380,1.6030,0.2067,0.1012,0.3260
5.1303,0.0644,-0.2485,-1.3418,1.6479,-0.2036,0.1273,-0.0077,-0.0568,-0.2696,1.3395,1.5984,0.2063,0.0917,0.3260
5.1709,0.0606,-0.2481,-1.3430,1.6417,-0.2082,0.1216,-0.0081,-0.0568,-0.2684,1.3415,1.5961,0.2082,0.0863,0.3256
5.2105,0.0556,-0.2493,-1.3449,1.6356,-0.2148,0.1173,-0.0077,-0.0568,-0.2684,1.3418,1.5923,0.2178,0.0894,0.3267
5.2499,0.0518,-0.2477,-1.3468,1.6299,-0.2182,0.1131,-0.0073,-0.0575,-0.2688,1.3430,1.5900,0.2232,0.0909,0.3260
5.2799,0.0502,-0.2485,-1.3476,1.6256,-0.2190,0.1108,-0.0073,-0.0591,-0.2688,1.3442,1.5888,0.2236,0.0913,0.3264
5.3203,0.0472,-0.2481,-1.3480,1.6191,-0.2209,0.1097,-0.0081,-0.0583,-0.2677,1.3465,1.5846,0.2251,0.0955,0.3260
5.3602,0.0445,-0.2489,-1.3495,1.6130,-0.2362,0.1058,-0.0073,-0.0591,-0.2688,1.3491,1.5858,0.2424,0.0855,0.3264
5.4001,0.0430,-0.2470,-1.3514,1.6061,-0.2512,0.0989,-0.0077,-0.0583,-0.2700,1.3530,1.5835,0.2581,0.0717,0.3256
5.4402,0.0407,-0.2481,-1.3541,1.6019,-0.2585,0.0805,-0.0077,-0.0591,-0.2715,1.3572,1.5812,0.2642,0.0556,0.3252
5.4801,0.0391,-0.2489,-1.3557,1.5938,-0.2619,0.0763,-0.0077,-0.0598,-0.2753,1.3618,1.5788,0.2711,0.0407,0.3256
5.5100,0.0372,-0.2489,-1.3576,1.5892,-0.2638,0.0709,-0.0073,-0.0594,-0.2773,1.3652,1.5758,0.2730,0.0414,0.3260
5.5502,0.0372,-0.2481,-1.3591,1.5842,-0.2638,0.0694,-0.0077,-0.0610,-0.2784,1.3714,1.5739,0.2738,0.0426,0.3264
5.5902,0.0360,-0.2497,-1.3618,1.5796,-0.2715,0.0706,-0.0077,-0.0625,-0.2830,1.3767,1.5731,0.2815,0.0430,0.3260
5.6301,0.0357,-0.2504,-1.3629,1.5758,-0.2934,0.0633,-0.0073,-0.0637,-0.2872,1.3825,1.5731,0.3037,0.0349,0.3256
5.6702,0.0341,-0.2523,-1.3656,1.5716,-0.3095,0.0487,-0.0073,-0.0660,-0.2930,1.3902,1.5742,0.3225,0.0268,0.3256
5.7000,0.0330,-0.2527,-1.3691,1.5685,-0.3133,0.0288,-0.0077,-0.0663,-0.2964,1.3975,1.5742,0.3264,0.0157,0.3252
5.7408,0.0341,-0.2550,-1.3714,1.5593,-0.3133,0.0276,-0.0077,-0.0648,-0.3026,1.4047,1.5723,0.3271,-0.0012,0.3260
5.7802,0.0337,-0.2589,-1.3744,1.5558,-0.3244,0.0222,-0.0077,-0.0671,-0.3083,1.4101,1.5696,0.3356,-0.0012,0.3260
5.8199,0.0334,-0.2627,-1.3771,1.5524,-0.3375,0.0222,-0.0069,-0.0698,-0.3125,1.4182,1.5700,0.3501,-0.0027,0.3260
5.8602,0.0357,-0.2661,-1.3802,1.5486,-0.3444,0.0222,-0.0077,-0.0702,-0.3168,1.4251,1.5693,0.3605,-0.0012,0.3252
5.8902,0.0364,-0.2704,-1.3821,1.5478,-0.3471,0.0199,-0.0077,-0.0725,-0.3210,1.4301,1.5708,0.3639,-0.0004,0.3264
5.9302,0.0368,-0.2769,-1.3852,1.5470,-0.3632,0.0230,-0.0073,-0.0740,-0.3260,1.4335,1.5700,0.3823,0.0023,0.3252
5.9700,0.0376,-0.2819,-1.3894,1.5451,-0.3762,0.0222,-0.0073,-0.0748,-0.3310,1.4373,1.5700,0.3942,0.0042,0.3260
6.0102,0.0395,-0.2872,-1.3952,1.5447,-0.3800,0.0219,-0.0077,-0.0775,-0.3356,1.4412,1.5693,0.3988,0.0038,0.3264
6.0502,0.0407,-0.2941,-1.3982,1.5451,-0.3873,0.0211,-0.0073,-0.0778,-0.3390,1.4442,1.5696,0.4038,0.0042,0.3264
6.0801,0.0399,-0.3003,-1.4028,1.5455,-0.4023,0.0226,-0.0077,-0.0798,-0.3436,1.4465,1.5719,0.4199,0.0061,0.3256
6.1202,0.0422,-0.3068,-1.4086,1.5447,-0.4215,0.0215,-0.0073,-0.0817,-0.3524,1.4473,1.5723,0.4380,0.0065,0.3252
6.1602,0.0437,-0.3145,-1.4151,1.5455,-0.4383,0.0211,-0.0073,-0.0840,-0.3586,1.4511,1.5731,0.4575,0.0081,0.3256
6.2002,0.0445,-0.3218,-1.4232,1.5463,-0.4510,0.0226,-0.0073,-0.0871,-0.3659,1.4546,1.5735,0.4690,0.0088,0.3256
6.2401,0.0468,-0.3290,-1.4289,1.5466,-0.4525,0.0215,-0.0073,-0.0909,-0.3747,1.4596,1.5754,0.4702,0.0077,0.3252
6.2701,0.0483,-0.3359,-1.4339,1.5478,-0.4613,0.0211,-0.0073,-0.0924,-0.3800,1.4623,1.5762,0.4801,0.0065,0.3256
6.3102,0.0525,-0.3440,-1.4404,1.5493,-0.4805,0.0215,-0.0073,-0.0966,-0.3896,1.4657,1.5788,0.4974,0.0084,0.3264
6.3502,0.0541,-0.3524,-1.4458,1.5489,-0.4928,0.0207,-0.0073,-0.1005,-0.3977,1.4707,1.5808,0.5089,0.0073,0.3264
6.3902,0.0568,-0.3605,-1.4534,1.5501,-0.5093,0.0173,-0.0077,-0.1043,-0.4061,1.4753,1.5835,0.5258,0.0054,0.3252
6.4302,0.0606,-0.3705,-1.4569,1.5524,-0.5311,0.0127,-0.0073,-0.1093,-0.4176,1.4795,1.5869,0.5457,0.0061,0.3256
6.4600,0.0629,-0.3785,-1.4611,1.5535,-0.5403,0.0061,-0.0069,-0.1120,-0.4257,1.4818,1.5884,0.5561,0.0061,0.3264
6.5001,0.0671,-0.3873,-1.4653,1.5535,-0.5434,0.0023,-0.0073,-0.1166,-0.4357,1.4872,1.5907,0.5595,0.0054,0.3260
6.5405,0.0694,-0.3962,-1.4696,1.5543,-0.5488,0.0015,-0.0073,-0.1204,-0.4445,1.4945,1.5938,0.5660,0.0046,0.3260
6.5800,0.0736,-0.4069,-1.4753,1.5547,-0.5553,0.0019,-0.0077,-0.1258,-0.4544,1.4995,1.5980,0.5706,0.0015,0.3260
6.6203,0.0763,-0.4146,-1.4788,1.5555,-0.5607,0.0019,-0.0077,-0.1289,-0.4629,1.5029,1.6011,0.5729,-0.0008,0.3260
6.6503,0.0798,-0.4195,-1.4830,1.5578,-0.5614,-0.0019,-0.0073,-0.1308,-0.4690,1.5064,1.6038,0.5729,-0.0058,0.3264
6.6902,0.0867,-0.4272,-1.4887,1.5647,-0.5645,0.0008,-0.0077,-0.1377,-0.4786,1.5114,1.6118,0.5729,-0.0054,0.3260
6.7301,0.0928,-0.4349,-1.4933,1.5700,-0.5641,0.0012,-0.0077,-0.1427,-0.4847,1.5152,1.6164,0.5741,-0.0035,0.3264
6.7701,0.1028,-0.4433,-1.5006,1.5777,-0.5641,-0.0015,-0.0077,-0.1499,-0.4916,1.5236,1.6249,0.5772,-0.0054,0.3260
6.8100,0.1120,-0.4498,-1.5079,1.5884,-0.5664,0.0019,-0.0077,-0.1588,-0.5001,1.5282,1.6360,0.5775,-0.0008,0.3260
6.8499,0.1243,-0.4575,-1.5129,1.5961,-0.5672,0.0031,-0.0073,-0.1653,-0.5066,1.5344,1.6433,0.5772,0.0000,0.3260
6.8802,0.1308,-0.4640,-1.5179,1.6019,-0.5680,0.0004,-0.0065,-0.1726,-0.5104,1.5393,1.6509,0.5775,-0.0035,0.3256
6.9201,0.1434,-0.4698,-1.5248,1.6122,-0.5680,0.0027,-0.0073,-0.1825,-0.5173,1.5451,1.6602,0.5772,0.0019,0.3260
6.9601,0.1530,-0.4767,-1.5340,1.6210,-0.5703,-0.0004,-0.0081,-0.1902,-0.5227,1.5524,1.6690,0.5772,-0.0031,0.3252
7.0002,0.1645,-0.4832,-1.5390,1.6322,-0.5722,-0.0015,-0.0073,-0.2006,-0.5277,1.5604,1.6786,0.5772,-0.0042,0.3256
7.0402,0.1776,-0.4916,-1.5451,1.6440,-0.5779,-0.0019,-0.0077,-0.2105,-0.5319,1.5650,1.6889,0.5783,-0.0092,0.3264
7.0723,0.1887,-0.4985,-1.5516,1.6540,-0.5879,-0.0050,-0.0077,-0.2186,-0.5377,1.5704,1.6970,0.5875,-0.0100,0.3264
7.1105,0.2025,-0.5074,-1.5589,1.6644,-0.5975,-0.0050,-0.0073,-0.2305,-0.5449,1.5765,1.7092,0.5940,-0.0084,0.3256
7.1501,0.2148,-0.5162,-1.5662,1.6728,-0.6002,-0.0069,-0.0077,-0.2408,-0.5503,1.5827,1.7200,0.5971,-0.0077,0.3264
7.1903,0.2278,-0.5269,-1.5723,1.6835,-0.6140,-0.0107,-0.0069,-0.2516,-0.5584,1.5896,1.7296,0.6132,-0.0107,0.3267
7.2304,0.2420,-0.5380,-1.5769,1.6939,-0.6285,-0.0111,-0.0073,-0.2646,-0.5672,1.5973,1.7426,0.6251,-0.0115,0.3260
7.2602,0.2497,-0.5461,-1.5815,1.7004,-0.6378,-0.0138,-0.0077,-0.2727,-0.5749,1.6015,1.7503,0.6320,-0.0123,0.3252
7.3003,0.2592,-0.5572,-1.5865,1.7081,-0.6504,-0.0150,-0.0077,-0.2834,-0.5825,1.6076,1.7618,0.6466,-0.0153,0.3264
7.3400,0.2688,-0.5687,-1.5900,1.7169,-0.6573,-0.0138,-0.0069,-0.2949,-0.5917,1.6149,1.7729,0.6542,-0.0134,0.3256
7.3802,0.2753,-0.5772,-1.5969,1.7234,-0.6585,-0.0150,-0.0077,-0.3033,-0.6002,1.6199,1.7813,0.6542,-0.0142,0.3260
7.4203,0.2823,-0.5856,-1.6003,1.7292,-0.6631,-0.0134,-0.0077,-0.3129,-0.6063,1.6253,1.7902,0.6585,-0.0138,0.3256
7.4503,0.2842,-0.5933,-1.6026,1.7334,-0.6684,-0.0153,-0.0073,-0.3183,-0.6109,1.6276,1.7963,0.6611,-0.0146,0.3260
7.4902,0.2869,-0.5986,-1.6057,1.7372,-0.6715,-0.0150,-0.0077,-0.3244,-0.6151,1.6310,1.8013,0.6631,-0.0157,0.3252
7.5302,0.2869,-0.6040,-1.6076,1.7422,-0.6742,-0.0153,-0.0077,-0.3302,-0.6197,1.6333,1.8059,0.6650,-0.0161,0.3264
7.5700,0.2872,-0.6082,-1.6103,1.7472,-0.6807,-0.0161,-0.0073,-0.3359,-0.6213,1.6375,1.8135,0.6750,-0.0176,0.3256
7.6100,0.2865,-0.6128,-1.6114,1.7530,-0.6849,-0.0161,-0.0077,-0.3398,-0.6232,1.6394,1.8193,0.6788,-0.0184,0.3260
7.6400,0.2869,-0.6155,-1.6107,1.7564,-0.6853,-0.0150,-0.0073,-0.3425,-0.6255,1.6394,1.8247,0.6788,-0.0165,0.3264
7.6802,0.2884,-0.6193,-1.6141,1.7637,-0.6849,-0.0146,-0.0069,-0.3494,-0.6270,1.6437,1.8320,0.6792,-0.0196,0.3260
7.7201,0.2895,-0.6220,-1.6183,1.7698,-0.6834,-0.0165,-0.0069,-0.3543,-0.6270,1.6463,1.8369,0.6796,-0.0165,0.3264
7.7599,0.2938,-0.6243,-1.6230,1.7779,-0.6842,-0.0169,-0.0084,-0.3605,-0.6270,1.6502,1.8454,0.6788,-0.0196,0.3248
7.8003,0.3033,-0.6262,-1.6318,1.7921,-0.6803,-0.0188,-0.0077,-0.3731,-0.6278,1.6582,1.8596,0.6765,-0.0196,0.3256
7.8309,0.3133,-0.6262,-1.6391,1.8040,-0.6765,-0.0207,-0.0077,-0.3804,-0.6274,1.6636,1.8703,0.6719,-0.0176,0.3264
7.8704,0.3279,-0.6282,-1.6467,1.8197,-0.6723,-0.0184,-0.0077,-0.3935,-0.6285,1.6694,1.8841,0.6680,-0.0146,0.3260
7.9102,0.3467,-0.6320,-1.6578,1.8392,-0.6684,-0.0176,-0.0073,-0.4065,-0.6289,1.6759,1.8979,0.6673,-0.0127,0.3256
7.9501,0.3689,-0.6347,-1.6717,1.8596,-0.6646,-0.0165,-0.0077,-0.4238,-0.6305,1.6839,1.9163,0.6611,-0.0081,0.3256
7.9903,0.3931,-0.6385,-1.6824,1.8818,-0.6600,-0.0123,-0.0081,-0.4410,-0.6305,1.6935,1.9351,0.6485,-0.0027,0.3264
8.0202,0.4119,-0.6404,-1.6912,1.9002,-0.6569,-0.0088,-0.0073,-0.4560,-0.6305,1.7004,1.9512,0.6381,0.0054,0.3252
8.0600,0.4399,-0.6443,-1.7050,1.9248,-0.6535,0.0004,-0.0081,-0.4771,-0.6320,1.7104,1.9754,0.6370,0.0169,0.3256
8.1003,0.4682,-0.6481,-1.7192,1.9508,-0.6500,0.0107,-0.0073,-0.5016,-0.6343,1.7184,2.0007,0.6366,0.0311,0.3256
8.1401,0.4974,-0.6523,-1.7311,1.9777,-0.6470,0.0196,-0.0077,-0.5242,-0.6389,1.7265,2.0256,0.6362,0.0426,0.3256
8.1801,0.5288,-0.6588,-1.7438,2.0064,-0.6454,0.0337,-0.0073,-0.5484,-0.6435,1.7334,2.0475,0.6358,0.0514,0.3260
8.2201,0.5595,-0.6665,-1.7541,2.0348,-0.6439,0.0445,-0.0073,-0.5710,-0.6450,1.7411,2.0709,0.6343,0.0594,0.3256
8.2501,0.5798,-0.6696,-1.7625,2.0544,-0.6412,0.0522,-0.0069,-0.5844,-0.6458,1.7453,2.0851,0.6332,0.0663,0.3260
8.2900,0.6071,-0.6711,-1.7733,2.0785,-0.6404,0.0644,-0.0081,-0.6044,-0.6431,1.7507,2.1035,0.6320,0.0786,0.3267
8.3301,0.6312,-0.6711,-1.7829,2.1012,-0.6404,0.0767,-0.0073,-0.6232,-0.6412,1.7553,2.1207,0.6278,0.0890,0.3264
8.3703,0.6496,-0.6719,-1.7882,2.1200,-0.6404,0.0871,-0.0073,-0.6389,-0.6404,1.7568,2.1361,0.6270,0.0974,0.3256
8.4100,0.6665,-0.6703,-1.7917,2.1391,-0.6404,0.0913,-0.0073,-0.6542,-0.6401,1.7599,2.1506,0.6274,0.1020,0.3256
8.4400,0.6761,-0.6696,-1.7944,2.1506,-0.6404,0.0920,-0.0069,-0.6654,-0.6397,1.7622,2.1602,0.6274,0.1078,0.3260
8.4799,0.6857,-0.6696,-1.7967,2.1610,-0.6404,0.0943,-0.0081,-0.6765,-0.6393,1.7641,2.1698,0.6282,0.1139,0.3256
8.5199,0.6926,-0.6703,-1.7997,2.1706,-0.6412,0.0955,-0.0069,-0.6865,-0.6393,1.7668,2.1767,0.6274,0.1147,0.3256
8.5600,0.6964,-0.6688,-1.8032,2.1763,-0.6412,0.0966,-0.0077,-0.6937,-0.6389,1.7683,2.1855,0.6278,0.1108,0.3252
8.6001,0.7006,-0.6700,-1.8043,2.1821,-0.6420,0.0963,-0.0077,-0.6995,-0.6378,1.7675,2.1924,0.6274,0.1093,0.3256
8.6306,0.7033,-0.6696,-1.8063,2.1863,-0.6416,0.0943,-0.0073,-0.7018,-0.6370,1.7675,2.1963,0.6278,0.1104,0.3260
8.6702,0.7056,-0.6688,-1.8063,2.1913,-0.6416,0.0974,-0.0073,-0.7022,-0.6366,1.7687,2.1982,0.6282,0.1097,0.3256
8.7099,0.7075,-0.6684,-1.8063,2.1944,-0.6412,0.0966,-0.0073,-0.7022,-0.6355,1.7687,2.1990,0.6274,0.1097,0.3264
8.7499,0.7091,-0.6665,-1.8066,2.1951,-0.6412,0.0963,-0.0073,-0.7022,-0.6347,1.7694,2.1993,0.6274,0.1101,0.3260
8.7901,0.7075,-0.6669,-1.8063,2.1947,-0.6408,0.0963,-0.0073,-0.7022,-0.6343,1.7694,2.1986,0.6270,0.1097,0.3256
8.8203,0.7095,-0.6661,-1.8070,2.1955,-0.6408,0.1009,-0.0069,-0.7029,-0.6339,1.7683,2.1982,0.6270,0.1147,0.3264
8.8601,0.7129,-0.6654,-1.8078,2.1990,-0.6397,0.1112,-0.0073,-0.7064,-0.6343,1.7691,2.2016,0.6266,0.1262,0.3267
8.9002,0.7171,-0.6638,-1.8074,2.2051,-0.6397,0.1204,-0.0069,-0.7110,-0.6332,1.7683,2.2066,0.6247,0.1373,0.3260
8.9401,0.7237,-0.6623,-1.8074,2.2120,-0.6305,0.1396,-0.0069,-0.7183,-0.6316,1.7687,2.2116,0.6128,0.1545,0.3260
8.9801,0.7363,-0.6592,-1.8082,2.2220,-0.6170,0.1672,-0.0069,-0.7306,-0.6305,1.7683,2.2216,0.5937,0.1802,0.3256
9.0101,0.7463,-0.6546,-1.8074,2.2312,-0.6040,0.1894,-0.0077,-0.7413,-0.6282,1.7668,2.2312,0.5764,0.2013,0.3252
9.0501,0.7620,-0.6470,-1.8063,2.2457,-0.5829,0.2224,-0.0073,-0.7589,-0.6243,1.7645,2.2454,0.5522,0.2312,0.3252
9.0907,0.7747,-0.6408,-1.8040,2.2588,-0.5714,0.2416,-0.0069,-0.7727,-0.6220,1.7622,2.2580,0.5434,0.2462,0.3264
9.1301,0.7954,-0.6308,-1.7986,2.2776,-0.5630,0.2600,-0.0073,-0.7961,-0.6163,1.7568,2.2780,0.5388,0.2619,0.3260
9.1727,0.8111,-0.6232,-1.7944,2.2883,-0.5446,0.2753,-0.0077,-0.8142,-0.6128,1.7537,2.2895,0.5181,0.2742,0.3260
9.2007,0.8237,-0.6159,-1.7898,2.2971,-0.5227,0.2922,-0.0073,-0.8276,-0.6063,1.7495,2.2975,0.4955,0.2865,0.3256
9.2402,0.8391,-0.6067,-1.7806,2.3090,-0.4943,0.3164,-0.0069,-0.8437,-0.5990,1.7434,2.3102,0.4629,0.3068,0.3256
9.2799,0.8521,-0.5975,-1.7702,2.3236,-0.4798,0.3287,-0.0077,-0.8602,-0.5913,1.7353,2.3255,0.4460,0.3195,0.3260
9.3199,0.8636,-0.5913,-1.7614,2.3363,-0.4798,0.3340,-0.0069,-0.8740,-0.5841,1.7273,2.3382,0.4452,0.3252,0.3264
9.3603,0.8732,-0.5848,-1.7541,2.3443,-0.4786,0.3356,-0.0069,-0.8843,-0.5783,1.7230,2.3478,0.4460,0.3267,0.3260
9.3908,0.8797,-0.5795,-1.7487,2.3478,-0.4702,0.3421,-0.0077,-0.8928,-0.5737,1.7192,2.3520,0.4399,0.3321,0.3256
9.4303,0.8859,-0.5729,-1.7441,2.3543,-0.4560,0.3540,-0.0073,-0.9012,-0.5676,1.7154,2.3581,0.4207,0.3409,0.3256
9.4700,0.8897,-0.5668,-1.7384,2.3600,-0.4437,0.3624,-0.0073,-0.9073,-0.5630,1.7108,2.3650,0.4069,0.3463,0.3264
9.5103,0.8939,-0.5622,-1.7330,2.3673,-0.4399,0.3643,-0.0073,-0.9135,-0.5595,1.7058,2.3727,0.4046,0.3490,0.3260
9.5501,0.8966,-0.5584,-1.7307,2.3731,-0.4284,0.3632,-0.0073,-0.9185,-0.5565,1.7027,2.3792,0.3919,0.3478,0.3256
9.5900,0.8993,-0.5534,-1.7299,2.3769,-0.4027,0.3574,-0.0077,-0.9219,-0.5503,1.7023,2.3850,0.3655,0.3409,0.3256
9.6201,0.9004,-0.5515,-1.7307,2.3804,-0.3843,0.3532,-0.0073,-0.9219,-0.5449,1.7020,2.3884,0.3474,0.3359,0.3252
9.6602,0.9008,-0.5469,-1.7307,2.3857,-0.3628,0.3459,-0.0069,-0.9219,-0.5384,1.6981,2.3953,0.3252,0.3298,0.3260
9.6999,0.9012,-0.5423,-1.7299,2.3884,-0.3451,0.3402,-0.0077,-0.9212,-0.5300,1.6958,2.3999,0.3053,0.3244,0.3252
9.7402,0.9008,-0.5403,-1.7288,2.3919,-0.3402,0.3375,-0.0073,-0.9212,-0.5223,1.6904,2.4041,0.3037,0.3229,0.3260
9.7820,0.9008,-0.5357,-1.7288,2.3942,-0.3310,0.3321,-0.0069,-0.9208,-0.5154,1.6874,2.4060,0.2964,0.3191,0.3260
9.8100,0.8997,-0.5327,-1.7284,2.3965,-0.3141,0.3260,-0.0081,-0.9204,-0.5085,1.6858,2.4072,0.2780,0.3125,0.3256
9.8501,0.9001,-0.5254,-1.7269,2.3988,-0.2934,0.3206,-0.0069,-0.9185,-0.4982,1.6812,2.4110,0.2573,0.3079,0.3264
9.8902,0.8997,-0.5189,-1.7269,2.4026,-0.2738,0.3125,-0.0073,-0.9169,-0.4878,1.6759,2.4137,0.2378,0.3026,0.3248
9.9300,0.8989,-0.5116,-1.7250,2.4057,-0.2654,0.3083,-0.0077,-0.9139,-0.4782,1.6705,2.4168,0.2309,0.2980,0.3260
9.9700,0.8989,-0.5074,-1.7238,2.4057,-0.2650,0.3083,-0.0081,-0.9116,-0.4686,1.6655,2.4187,0.2301,0.2953,0.3264
10.0002,0.8974,-0.5035,-1.7242,2.4068,-0.2650,0.3045,-0.0073,-0.9081,-0.4629,1.6617,2.4199,0.2309,0.2941,0.3260
10.0403,0.8978,-0.4982,-1.7223,2.4080,-0.2585,0.3030,-0.0069,-0.9054,-0.4548,1.6575,2.4191,0.2243,0.2926,0.3256
10.0800,0.8962,-0.4901,-1.7223,2.4087,-0.2347,0.2953,-0.0069,-0.9020,-0.4475,1.6525,2.4191,0.1987,0.2857,0.3260
10.1201,0.8932,-0.4836,-1.7219,2.4095,-0.2125,0.2876,-0.0073,-0.8955,-0.4372,1.6483,2.4195,0.1783,0.2815,0.3260
10.1602,0.8909,-0.4775,-1.7173,2.4107,-0.1933,0.2823,-0.0073,-0.8901,-0.4272,1.6421,2.4195,0.1634,0.2757,0.3260
10.1900,0.8886,-0.4694,-1.7150,2.4122,-0.1791,0.2769,-0.0077,-0.8847,-0.4195,1.6379,2.4199,0.1522,0.2723,0.3256
10.2302,0.8851,-0.4606,-1.7108,2.4114,-0.1741,0.2723,-0.0073,-0.8774,-0.4088,1.6314,2.4168,0.1473,0.2688,0.3252
10.2700,0.8820,-0.4541,-1.7081,2.4110,-0.1737,0.2711,-0.0073,-0.8709,-0.3996,1.6256,2.4160,0.1453,0.2669,0.3260
10.3102,0.8805,-0.4452,-1.7039,2.4110,-0.1733,0.2688,-0.0077,-0.8644,-0.3946,1.6203,2.4149,0.1446,0.2646,0.3260
10.3501,0.8782,-0.4387,-1.7012,2.4122,-0.1611,0.2658,-0.0081,-0.8590,-0.3881,1.6157,2.4137,0.1331,0.2627,0.3256
10.3800,0.8771,-0.4353,-1.6981,2.4110,-0.1519,0.2665,-0.0073,-0.8563,-0.3831,1.6126,2.4130,0.1254,0.2623,0.3260
10.4201,0.8751,-0.4299,-1.6943,2.4103,-0.1480,0.2654,-0.0069,-0.8525,-0.3777,1.6088,2.4130,0.1220,0.2615,0.3256
10.4601,0.8740,-0.4249,-1.6897,2.4107,-0.1392,0.2658,-0.0073,-0.8491,-0.3731,1.6038,2.4114,0.1131,0.2631,0.3264
10.5000,0.8725,-0.4184,-1.6881,2.4122,-0.1166,0.2665,-0.0077,-0.8464,-0.3666,1.6007,2.4099,0.0909,0.2631,0.3252
10.5402,0.8713,-0.4096,-1.6816,2.4122,-0.0970,0.2661,-0.0081,-0.8448,-0.3574,1.5946,2.4095,0.0717,0.2635,0.3260
10.5703,0.8698,-0.4011,-1.6763,2.4133,-0.0832,0.2665,-0.0073,-0.8437,-0.3509,1.5896,2.4091,0.0587,0.2635,0.3260
10.6100,0.8678,-0.3908,-1.6686,2.4137,-0.0686,0.2669,-0.0077,-0.8414,-0.3402,1.5835,2.4091,0.0468,0.2642,0.3252
10.6500,0.8652,-0.3812,-1.6609,2.4141,-0.0667,0.2661,-0.0073,-0.8391,-0.3313,1.5754,2.4087,0.0453,0.2638,0.3252
10.6901,0.8644,-0.3716,-1.6559,2.4141,-0.0621,0.2665,-0.0077,-0.8372,-0.3260,1.5700,2.4076,0.0403,0.2638,0.3252
10.7302,0.8629,-0.3639,-1.6498,2.4137,-0.0522,0.2661,-0.0077,-0.8353,-0.3191,1.5666,2.4072,0.0318,0.2646,0.3252
10.7599,0.8613,-0.3570,-1.6460,2.4149,-0.0453,0.2665,-0.0073,-0.8349,-0.3141,1.5608,2.4076,0.0242,0.2642,0.3256
10.8002,0.8602,-0.3509,-1.6375,2.4156,-0.0422,0.2654,-0.0081,-0.8333,-0.3083,1.5566,2.4060,0.0203,0.2650,0.3260
10.8402,0.8583,-0.3421,-1.6333,2.4153,-0.0307,0.2658,-0.0073,-0.8310,-0.3037,1.5509,2.4060,0.0100,0.2646,0.3252
10.8802,0.8575,-0.3352,-1.6279,2.4160,-0.0092,0.2665,-0.0077,-0.8287,-0.2976,1.5463,2.4060,-0.0111,0.2654,0.3256
10.9202,0.8552,-0.3260,-1.6203,2.4164,0.0096,0.2654,-0.0073,-0.8283,-0.2915,1.5409,2.4057,-0.0280,0.2669,0.3256
10.9601,0.8533,-0.3156,-1.6099,2.4176,0.0303,0.2673,-0.0069,-0.8260,-0.2826,1.5340,2.4041,-0.0487,0.2688,0.3260
10.9901,0.8521,-0.3064,-1.6022,2.4164,0.0453,0.2673,-0.0077,-0.8241,-0.2773,1.5282,2.4037,-0.0629,0.2715,0.3264
11.0303,0.8506,-0.2945,-1.5938,2.4179,0.0648,0.2677,-0.0073,-0.8241,-0.2677,1.5209,2.4026,-0.0794,0.2746,0.3267
11.0703,0.8491,-0.2823,-1.5819,2.4187,0.0817,0.2692,-0.0077,-0.8234,-0.2600,1.5129,2.4003,-0.0947,0.2753,0.3260
11.1102,0.8479,-0.2711,-1.5731,2.4199,0.0851,0.2688,-0.0077,-0.8230,-0.2531,1.5060,2.3984,-0.1001,0.2765,0.3260
11.1501,0.8475,-0.2627,-1.5631,2.4202,0.0871,0.2688,-0.0073,-0.8230,-0.2470,1.4991,2.3995,-0.1020,0.2773,0.3248
11.1804,0.8468,-0.2562,-1.5574,2.4199,0.0974,0.2688,-0.0077,-0.8230,-0.2428,1.4956,2.3999,-0.1127,0.2769,0.3256
11.2199,0.8448,-0.2485,-1.5505,2.4191,0.1081,0.2707,-0.0073,-0.8226,-0.2378,1.4903,2.4011,-0.1227,0.2773,0.3256
11.2601,0.8460,-0.2416,-1.5424,2.4191,0.1139,0.2711,-0.0073,-0.8226,-0.2332,1.4834,2.4014,-0.1277,0.2780,0.3260
11.3012,0.8448,-0.2339,-1.5359,2.4179,0.1231,0.2734,-0.0077,-0.8226,-0.2297,1.4799,2.4030,-0.1361,0.2769,0.3256
11.3409,0.8433,-0.2282,-1.5294,2.4172,0.1450,0.2761,-0.0069,-0.8218,-0.2259,1.4753,2.4026,-0.1588,0.2788,0.3256
11.3700,0.8429,-0.2220,-1.5232,2.4153,0.1622,0.2784,-0.0069,-0.8214,-0.2213,1.4707,2.4034,-0.1772,0.2777,0.3256
11.4102,0.8422,-0.2140,-1.5125,2.4168,0.1745,0.2757,-0.0069,-0.8226,-0.2171,1.4642,2.4037,-0.1887,0.2807,0.3256
11.4524,0.8422,-0.2044,-1.5037,2.4183,0.1799,0.2780,-0.0073,-0.8218,-0.2125,1.4569,2.4037,-0.1917,0.2815,0.3252
11.4900,0.8410,-0.1983,-1.4956,2.4191,0.1914,0.2773,-0.0077,-0.8207,-0.2075,1.4519,2.4037,-0.2048,0.2811,0.3252
11.5301,0.8418,-0.1914,-1.4887,2.4195,0.2006,0.2773,-0.0073,-0.8222,-0.2029,1.4462,2.4041,-0.2128,0.2807,0.3256
11.5600,0.8418,-0.1879,-1.4841,2.4195,0.2044,0.2777,-0.0069,-0.8226,-0.2013,1.4423,2.4041,-0.2159,0.2819,0.3260
11.6002,0.8406,-0.1810,-1.4768,2.4187,0.2056,0.2780,-0.0073,-0.8218,-0.1983,1.4366,2.4030,-0.2159,0.2823,0.3256
11.6402,0.8399,-0.1753,-1.4699,2.4191,0.2159,0.2788,-0.0084,-0.8226,-0.1937,1.4324,2.4037,-0.2251,0.2834,0.3260
11.6800,0.8406,-0.1699,-1.4638,2.4183,0.2332,0.2807,-0.0077,-0.8226,-0.1898,1.4281,2.4034,-0.2428,0.2846,0.3260
11.7201,0.8402,-0.1653,-1.4577,2.4191,0.2428,0.2792,-0.0077,-0.8218,-0.1875,1.4224,2.4041,-0.2566,0.2846,0.3260
11.7503,0.8399,-0.1626,-1.4538,2.4183,0.2481,0.2803,-0.0069,-0.8222,-0.1864,1.4189,2.4041,-0.2581,0.2861,0.3264
11.7902,0.8414,-0.1595,-1.4465,2.4195,0.2550,0.2803,-0.0077,-0.8222,-0.1845,1.4155,2.4049,-0.2665,0.2857,0.3264
11.8301,0.8399,-0.1561,-1.4408,2.4195,0.2623,0.2800,-0.0077,-0.8218,-0.1810,1.4113,2.4053,-0.2719,0.2857,0.3260
11.8702,0.8391,-0.1519,-1.4354,2.4191,0.2677,0.2800,-0.0081,-0.8226,-0.1799,1.4063,2.4049,-0.2761,0.2865,0.3260
11.9101,0.8379,-0.1488,-1.4312,2.4187,0.2777,0.2803,-0.0073,-0.8214,-0.1776,1.4032,2.4045,-0.2899,0.2861,0.3248
11.9400,0.8379,-0.1461,-1.4258,2.4187,0.2830,0.2788,-0.0081,-0.8218,-0.1764,1.3982,2.4049,-0.2930,0.2857,0.3260
11.9811,0.8368,-0.1427,-1.4208,2.4187,0.2872,0.2803,-0.0073,-0.8222,-0.1756,1.3940,2.4045,-0.2953,0.2853,0.3252
12.0202,0.8364,-0.1392,-1.4155,2.4179,0.2899,0.2788,-0.0077,-0.8230,-0.1737,1.3898,2.4049,-0.2972,0.2861,0.3256
12.0602,0.8356,-0.1361,-1.4116,2.4191,0.2903,0.2784,-0.0081,-0.8230,-0.1722,1.3856,2.4045,-0.2991,0.2849,0.3256
12.1002,0.8356,-0.1342,-1.4078,2.4172,0.2930,0.2792,-0.0077,-0.8230,-0.1710,1.3829,2.4045,-0.3007,0.2861,0.3260
12.1302,0.8360,-0.1327,-1.4040,2.4179,0.3018,0.2784,-0.0069,-0.8226,-0.1710,1.3810,2.4045,-0.3072,0.2853,0.3256
12.1700,0.8341,-0.1304,-1.3978,2.4172,0.3141,0.2788,-0.0073,-0.8222,-0.1703,1.3790,2.4041,-0.3221,0.2865,0.3260
12.2100,0.8333,-0.1296,-1.3929,2.4164,0.3179,0.2784,-0.0073,-0.8230,-0.1691,1.3737,2.4041,-0.3264,0.2857,0.3252
12.2501,0.8333,-0.1277,-1.3875,2.4160,0.3191,0.2780,-0.0069,-0.8234,-0.1676,1.3698,2.4034,-0.3260,0.2857,0.3256
12.2901,0.8314,-0.1258,-1.3829,2.4160,0.3210,0.2784,-0.0081,-0.8237,-0.1672,1.3664,2.4030,-0.3283,0.2872,0.3256
12.3300,0.8322,-0.1243,-1.3787,2.4153,0.3229,0.2777,-0.0073,-0.8226,-0.1672,1.3626,2.4034,-0.3321,0.2872,0.3264
12.3601,0.8310,-0.1227,-1.3760,2.4153,0.3244,0.2777,-0.0077,-0.8222,-0.1672,1.3614,2.4030,-0.3325,0.2865,0.3256
12.4002,0.8303,-0.1231,-1.3725,2.4153,0.3248,0.2769,-0.0073,-0.8230,-0.1672,1.3591,2.4026,-0.3313,0.2872,0.3260
12.4401,0.8299,-0.1227,-1.3691,2.4141,0.3172,0.2780,-0.0077,-0.8230,-0.1676,1.3568,2.4014,-0.3264,0.2892,0.3256
12.4801,0.8291,-0.1239,-1.3679,2.4126,0.3125,0.2780,-0.0077,-0.8218,-0.1680,1.3553,2.3999,-0.3233,0.2888,0.3264
12.5202,0.8272,-0.1231,-1.3664,2.4122,0.3095,0.2784,-0.0077,-0.8226,-0.1687,1.3541,2.3988,-0.3218,0.2892,0.3256
12.5502,0.8257,-0.1235,-1.3645,2.4107,0.3068,0.2780,-0.0077,-0.8222,-0.1691,1.3526,2.3976,-0.3175,0.2899,0.3248
12.5901,0.8241,-0.1246,-1.3633,2.4091,0.3068,0.2788,-0.0073,-0.8226,-0.1707,1.3522,2.3968,-0.3160,0.2903,0.3260
12.6301,0.8230,-0.1277,-1.3618,2.4087,0.3049,0.2792,-0.0077,-0.8207,-0.1722,1.3507,2.3961,-0.3148,0.2899,0.3256
12.6700,0.8207,-0.1292,-1.3603,2.4076,0.3037,0.2796,-0.0073,-0.8207,-0.1737,1.3499,2.3949,-0.3160,0.2915,0.3256
12.7100,0.8180,-0.1308,-1.3591,2.4064,0.3041,0.2796,-0.0077,-0.8203,-0.1745,1.3488,2.3942,-0.3148,0.2903,0.3264
12.7402,0.8165,-0.1323,-1.3576,2.4060,0.3037,0.2800,-0.0069,-0.8207,-0.1745,1.3480,2.3938,-0.3148,0.2918,0.3260
12.7802,0.8145,-0.1338,-1.3560,2.4041,0.3129,0.2807,-0.0077,-0.8188,-0.1760,1.3465,2.3926,-0.3191,0.2949,0.3256
12.8199,0.8126,-0.1335,-1.3530,2.4030,0.3279,0.2811,-0.0077,-0.8172,-0.1756,1.3449,2.3922,-0.3333,0.2953,0.3252
12.8601,0.8119,-0.1338,-1.3499,2.4026,0.3367,0.2807,-0.0073,-0.8168,-0.1741,1.3442,2.3922,-0.3543,0.2941,0.3252
12.9001,0.8111,-0.1350,-1.3476,2.4026,0.3425,0.2807,-0.0077,-0.8165,-0.1737,1.3415,2.3911,-0.3559,0.2949,0.3248
12.9303,0.8111,-0.1338,-1.3461,2.4022,0.3486,0.2807,-0.0081,-0.8165,-0.1722,1.3407,2.3915,-0.3666,0.2949,0.3252
12.9702,0.8115,-0.1331,-1.3430,2.4011,0.3582,0.2807,-0.0069,-0.8161,-0.1707,1.3392,2.3919,-0.3724,0.2945,0.3252
13.0100,0.8107,-0.1331,-1.3415,2.4011,0.3651,0.2815,-0.0077,-0.8165,-0.1687,1.3361,2.3911,-0.3762,0.2953,0.3248
13.0501,0.8115,-0.1319,-1.3392,2.4003,0.3670,0.2823,-0.0077,-0.8165,-0.1664,1.3338,2.3907,-0.3758,0.2938,0.3252
13.0901,0.8103,-0.1323,-1.3380,2.3991,0.3697,0.2830,-0.0081,-0.8161,-0.1641,1.3330,2.3911,-0.3873,0.2938,0.3248
13.1200,0.8111,-0.1323,-1.3365,2.3991,0.3762,0.2830,-0.0081,-0.8165,-0.1630,1.3311,2.3896,-0.3931,0.2949,0.3244
13.1601,0.8099,-0.1327,-1.3361,2.3976,0.3800,0.2834,-0.0073,-0.8165,-0.1595,1.3292,2.3899,-0.4000,0.2949,0.3237
13.2002,0.8103,-0.1315,-1.3346,2.3972,0.3923,0.2838,-0.0073,-0.8161,-0.1561,1.3273,2.3888,-0.4115,0.2961,0.3241
13.2400,0.8099,-0.1300,-1.3326,2.3968,0.4038,0.2838,-0.0073,-0.8157,-0.1511,1.3250,2.3892,-0.4203,0.2953,0.3233
13.2801,0.8103,-0.1292,-1.3311,2.3953,0.4080,0.2846,-0.0073,-0.8161,-0.1453,1.3231,2.3884,-0.4241,0.2953,0.3233
13.3103,0.8103,-0.1292,-1.3300,2.3949,0.4111,0.2842,-0.0069,-0.8165,-0.1430,1.3208,2.3880,-0.4280,0.2953,0.3237
13.3513,0.8099,-0.1281,-1.3288,2.3942,0.4226,0.2846,-0.0077,-0.8165,-0.1381,1.3196,2.3869,-0.4418,0.2961,0.3237
13.3900,0.8096,-0.1266,-1.3269,2.3942,0.4299,0.2838,-0.0073,-0.8153,-0.1323,1.3173,2.3861,-0.4472,0.2953,0.3237
13.4303,0.8103,-0.1250,-1.3242,2.3926,0.4333,0.2838,-0.0077,-0.8161,-0.1281,1.3142,2.3857,-0.4514,0.2957,0.3237
13.4702,0.8092,-0.1246,-1.3227,2.3926,0.4326,0.2838,-0.0077,-0.8161,-0.1212,1.3119,2.3850,-0.4498,0.2949,0.3241
13.5002,0.8099,-0.1246,-1.3219,2.3926,0.4337,0.2834,-0.0073,-0.8161,-0.1181,1.3100,2.3838,-0.4498,0.2957,0.3229
13.5401,0.8099,-0.1223,-1.3208,2.3919,0.4475,0.2846,-0.0081,-0.8161,-0.1135,1.3085,2.3838,-0.4648,0.2957,0.3233
13.5800,0.8103,-0.1204,-1.3192,2.3907,0.4644,0.2846,-0.0077,-0.8161,-0.1089,1.3062,2.3823,-0.4790,0.2953,0.3237
13.6199,0.8103,-0.1170,-1.3177,2.3899,0.4752,0.2830,-0.0077,-0.8161,-0.1028,1.3054,2.3815,-0.4897,0.2949,0.3237
13.6603,0.8099,-0.1127,-1.3154,2.3896,0.4755,0.2830,-0.0069,-0.8165,-0.0974,1.3016,2.3819,-0.4886,0.2953,0.3233
13.7001,0.8099,-0.1101,-1.3135,2.3884,0.4744,0.2842,-0.0077,-0.8161,-0.0917,1.2993,2.3800,-0.4897,0.2945,0.3237
13.7301,0.8103,-0.1074,-1.3127,2.3876,0.4798,0.2826,-0.0077,-0.8168,-0.0882,1.2970,2.3788,-0.4920,0.2941,0.3233
13.7702,0.8107,-0.1035,-1.3112,2.3880,0.5020,0.2823,-0.0081,-0.8168,-0.0828,1.2951,2.3796,-0.5150,0.2934,0.3241
13.8103,0.8103,-0.0974,-1.3081,2.3865,0.5242,0.2826,-0.0073,-0.8168,-0.0763,1.2916,2.3792,-0.5342,0.2926,0.3241
13.8501,0.8107,-0.0890,-1.3043,2.3861,0.5419,0.2811,-0.0081,-0.8168,-0.0698,1.2878,2.3784,-0.5484,0.2918,0.3237
13.8903,0.8126,-0.0809,-1.2993,2.3850,0.5453,0.2803,-0.0077,-0.8168,-0.0644,1.2832,2.3788,-0.5492,0.2907,0.3237
13.9201,0.8134,-0.0752,-1.2974,2.3850,0.5457,0.2800,-0.0077,-0.8176,-0.0610,1.2801,2.3781,-0.5488,0.2911,0.3241
13.9601,0.8161,-0.0698,-1.2943,2.3850,0.5465,0.2796,-0.0073,-0.8191,-0.0560,1.2778,2.3777,-0.5511,0.2895,0.3233
14.0004,0.8184,-0.0656,-1.2916,2.3846,0.5488,0.2788,-0.0077,-0.8188,-0.0518,1.2751,2.3777,-0.5511,0.2888,0.3244
14.0402,0.8211,-0.0614,-1.2889,2.3853,0.5545,0.2792,-0.0077,-0.8207,-0.0499,1.2721,2.3784,-0.5542,0.2872,0.3229
14.0814,0.8214,-0.0575,-1.2862,2.3850,0.5699,0.2796,-0.0073,-0.8218,-0.0479,1.2698,2.3792,-0.5706,0.2880,0.3237
14.1102,0.8226,-0.0545,-1.2836,2.3850,0.5775,0.2788,-0.0073,-0.8214,-0.0472,1.2682,2.3792,-0.5783,0.2880,0.3241
14.1503,0.8245,-0.0495,-1.2813,2.3850,0.5829,0.2807,-0.0073,-0.8222,-0.0456,1.2663,2.3804,-0.5825,0.2876,0.3237
14.1902,0.8253,-0.0460,-1.2770,2.3853,0.5841,0.2800,-0.0077,-0.8222,-0.0456,1.2644,2.3807,-0.5837,0.2872,0.3233
14.2301,0.8268,-0.0433,-1.2759,2.3857,0.5852,0.2792,-0.0081,-0.8230,-0.0456,1.2625,2.3800,-0.5848,0.2876,0.3233
14.2702,0.8280,-0.0407,-1.2747,2.3853,0.5852,0.2800,-0.0077,-0.8222,-0.0449,1.2617,2.3800,-0.5856,0.2869,0.3237
14.3002,0.8291,-0.0399,-1.2736,2.3850,0.5925,0.2800,-0.0077,-0.8226,-0.0445,1.2598,2.3807,-0.5929,0.2869,0.3237
14.3402,0.8295,-0.0368,-1.2713,2.3853,0.6101,0.2788,-0.0077,-0.8226,-0.0426,1.2586,2.3804,-0.6132,0.2865,0.3229
14.3801,0.8291,-0.0345,-1.2682,2.3861,0.6243,0.2788,-0.0077,-0.8222,-0.0407,1.2559,2.3811,-0.6262,0.2872,0.3229
14.4205,0.8303,-0.0314,-1.2659,2.3853,0.6324,0.2803,-0.0077,-0.8222,-0.0380,1.2521,2.3807,-0.6320,0.2876,0.3241
14.4600,0.8299,-0.0284,-1.2625,2.3846,0.6416,0.2788,-0.0077,-0.8226,-0.0345,1.2502,2.3807,-0.6412,0.2869,0.3233
14.4902,0.8303,-0.0257,-1.2594,2.3838,0.6470,0.2784,-0.0077,-0.8234,-0.0322,1.2487,2.3800,-0.6450,0.2857,0.3237
14.5303,0.8295,-0.0230,-1.2567,2.3830,0.6493,0.2796,-0.0077,-0.8234,-0.0299,1.2460,2.3796,-0.6454,0.2872,0.3233
14.5702,0.8303,-0.0203,-1.2540,2.3823,0.6550,0.2792,-0.0077,-0.8230,-0.0265,1.2433,2.3784,-0.6504,0.2869,0.3233
14.6102,0.8303,-0.0173,-1.2506,2.3811,0.6753,0.2792,-0.0077,-0.8218,-0.0226,1.2406,2.3777,-0.6730,0.2888,0.3241
14.6500,0.8307,-0.0146,-1.2471,2.3796,0.6922,0.2815,-0.0077,-0.8218,-0.0192,1.2375,2.3761,-0.6911,0.2899,0.3237
14.6801,0.8299,-0.0127,-1.2441,2.3781,0.6972,0.2815,-0.0077,-0.8218,-0.0173,1.2345,2.3754,-0.6972,0.2907,0.3241
14.7201,0.8291,-0.0111,-1.2418,2.3754,0.7014,0.2842,-0.0073,-0.8218,-0.0150,1.2318,2.3735,-0.7006,0.2945,0.3241
14.7602,0.8287,-0.0107,-1.2398,2.3738,0.7037,0.2869,-0.0077,-0.8211,-0.0130,1.2295,2.3719,-0.7018,0.2972,0.3244
14.8000,0.8299,-0.0104,-1.2383,2.3742,0.7052,0.2872,-0.0077,-0.8203,-0.0127,1.2280,2.3696,-0.7029,0.2987,0.3237
14.8402,0.8303,-0.0088,-1.2360,2.3731,0.7060,0.2884,-0.0077,-0.8203,-0.0115,1.2253,2.3677,-0.7056,0.3022,0.3241
14.8701,0.8283,-0.0100,-1.2337,2.3704,0.7125,0.2911,-0.0073,-0.8199,-0.0104,1.2237,2.3669,-0.7148,0.3049,0.3241
14.9102,0.8283,-0.0096,-1.2326,2.3696,0.7229,0.2953,-0.0081,-0.8195,-0.0084,1.2226,2.3650,-0.7240,0.3072,0.3241
14.9500,0.8272,-0.0092,-1.2291,2.3685,0.7298,0.2964,-0.0077,-0.8172,-0.0100,1.2191,2.3635,-0.7302,0.3099,0.3244
14.9902,0.8257,-0.0092,-1.2268,2.3669,0.7298,0.2972,-0.0081,-0.8165,-0.0100,1.2168,2.3619,-0.7286,0.3114,0.3241
15.0302,0.8268,-0.0092,-1.2249,2.3662,0.7336,0.3007,-0.0081,-0.8153,-0.0088,1.2149,2.3600,-0.7340,0.3148,0.3241
15.0700,0.8257,-0.0100,-1.2245,2.3642,0.7363,0.3041,-0.0077,-0.8149,-0.0100,1.2134,2.3585,-0.7378,0.3172,0.3241
15.1006,0.8245,-0.0096,-1.2226,2.3639,0.7363,0.3045,-0.0069,-0.8122,-0.0107,1.2107,2.3570,-0.7394,0.3168,0.3237
15.1402,0.8253,-0.0100,-1.2214,2.3616,0.7394,0.3102,-0.0077,-0.8103,-0.0096,1.2095,2.3535,-0.7417,0.3252,0.3233
15.1801,0.8245,-0.0119,-1.2187,2.3608,0.7405,0.3118,-0.0081,-0.8088,-0.0115,1.2076,2.3520,-0.7424,0.3275,0.3233
15.2199,0.8245,-0.0134,-1.2172,2.3600,0.7417,0.3141,-0.0073,-0.8050,-0.0130,1.2049,2.3497,-0.7432,0.3298,0.3229
15.2601,0.8234,-0.0142,-1.2164,2.3585,0.7424,0.3191,-0.0073,-0.8034,-0.0150,1.2019,2.3478,-0.7455,0.3333,0.3244
15.2902,0.8245,-0.0134,-1.2153,2.3585,0.7451,0.3210,-0.0077,-0.8015,-0.0153,1.2003,2.3466,-0.7513,0.3367,0.3237
15.3301,0.8237,-0.0150,-1.2141,2.3570,0.7505,0.3260,-0.0081,-0.7992,-0.0176,1.1977,2.3443,-0.7578,0.3413,0.3241
15.3702,0.8237,-0.0180,-1.2126,2.3566,0.7532,0.3294,-0.0077,-0.7961,-0.0196,1.1938,2.3428,-0.7612,0.3444,0.3241
15.4101,0.8241,-0.0199,-1.2107,2.3562,0.7543,0.3333,-0.0073,-0.7942,-0.0215,1.1896,2.3389,-0.7605,0.3509,0.3241
15.4504,0.8230,-0.0230,-1.2080,2.3554,0.7543,0.3386,-0.0081,-0.7938,-0.0253,1.1865,2.3374,-0.7628,0.3543,0.3241
15.4799,0.8237,-0.0253,-1.2072,2.3550,0.7540,0.3417,-0.0077,-0.7927,-0.0272,1.1835,2.3359,-0.7632,0.3567,0.3241
15.5201,0.8237,-0.0272,-1.2049,2.3554,0.7551,0.3444,-0.0081,-0.7927,-0.0303,1.1804,2.3355,-0.7632,0.3578,0.3237
15.5601,0.8230,-0.0303,-1.2026,2.3554,0.7616,0.3509,-0.0077,-0.7931,-0.0330,1.1769,2.3343,-0.7712,0.3647,0.3244
15.6000,0.8226,-0.0330,-1.2000,2.3550,0.7716,0.3574,-0.0081,-0.7931,-0.0357,1.1735,2.3328,-0.7793,0.3697,0.3237
15.6402,0.8222,-0.0353,-1.1961,2.3558,0.7770,0.3624,-0.0073,-0.7919,-0.0372,1.1697,2.3305,-0.7839,0.3735,0.3241
15.6702,0.8226,-0.0364,-1.1942,2.3539,0.7785,0.3697,-0.0081,-0.7912,-0.0399,1.1666,2.3301,-0.7869,0.3812,0.3237
15.7100,0.8222,-0.0387,-1.1896,2.3531,0.7796,0.3758,-0.0081,-0.7904,-0.0414,1.1628,2.3282,-0.7888,0.3858,0.3244
15.7499,0.8222,-0.0414,-1.1854,2.3531,0.7796,0.3797,-0.0077,-0.7908,-0.0433,1.1562,2.3274,-0.7904,0.3896,0.3248
15.7900,0.8218,-0.0441,-1.1827,2.3524,0.7808,0.3793,-0.0073,-0.7900,-0.0456,1.1520,2.3274,-0.7908,0.3908,0.3248
15.8304,0.8211,-0.0468,-1.1781,2.3524,0.7804,0.3820,-0.0077,-0.7885,-0.0472,1.1482,2.3263,-0.7900,0.3969,0.3241
15.8601,0.8214,-0.0472,-1.1754,2.3524,0.7808,0.3839,-0.0077,-0.7885,-0.0479,1.1455,2.3259,-0.7904,0.4015,0.3244
15.9001,0.8214,-0.0487,-1.1727,2.3520,0.7812,0.3877,-0.0073,-0.7869,-0.0491,1.1401,2.3255,-0.7927,0.4069,0.3248
15.9400,0.8207,-0.0495,-1.1689,2.3516,0.7827,0.3912,-0.0077,-0.7865,-0.0502,1.1332,2.3259,-0.7950,0.4126,0.3252
15.9799,0.8218,-0.0502,-1.1662,2.3512,0.7854,0.3946,-0.0081,-0.7862,-0.0506,1.1290,2.3255,-0.7977,0.4153,0.3248
16.0199,0.8214,-0.0522,-1.1635,2.3497,0.7896,0.3958,-0.0077,-0.7869,-0.0525,1.1248,2.3267,-0.8103,0.4195,0.3244
16.0500,0.8218,-0.0533,-1.1624,2.3504,0.7958,0.3992,-0.0077,-0.7862,-0.0529,1.1183,2.3251,-0.8115,0.4276,0.3252
16.0900,0.8214,-0.0564,-1.1562,2.3481,0.7969,0.4111,-0.0073,-0.7869,-0.0564,1.1121,2.3236,-0.8115,0.4395,0.3260
16.1321,0.8222,-0.0602,-1.1482,2.3497,0.7984,0.4238,-0.0077,-0.7869,-0.0579,1.1064,2.3221,-0.8130,0.4479,0.3256
16.1702,0.8226,-0.0625,-1.1417,2.3504,0.7977,0.4464,-0.0077,-0.7869,-0.0591,1.1022,2.3228,-0.8115,0.4433,0.3267
16.2103,0.8222,-0.0660,-1.1325,2.3527,0.8015,0.4472,-0.0073,-0.7869,-0.0598,1.0995,2.3209,-0.8138,0.4399,0.3264
16.2402,0.8241,-0.0652,-1.1298,2.3520,0.8119,0.4498,-0.0081,-0.7873,-0.0602,1.0991,2.3182,-0.8237,0.4387,0.3267
16.2799,0.8234,-0.0656,-1.1252,2.3497,0.8268,0.4468,-0.0081,-0.7862,-0.0602,1.0960,2.3140,-0.8368,0.4403,0.3267
16.3202,0.8222,-0.0660,-1.1194,2.3451,0.8349,0.4464,-0.0081,-0.7842,-0.0602,1.0910,2.3098,-0.8437,0.4422,0.3264
16.3605,0.8195,-0.0656,-1.1144,2.3420,0.8433,0.4479,-0.0077,-0.7819,-0.0594,1.0864,2.3060,-0.8502,0.4429,0.3267
16.4001,0.8165,-0.0648,-1.1079,2.3359,0.8636,0.4468,-0.0077,-0.7796,-0.0568,1.0811,2.2994,-0.8713,0.4472,0.3271
16.4402,0.8107,-0.0637,-1.0979,2.3293,0.8878,0.4487,-0.0073,-0.7735,-0.0522,1.0715,2.2898,-0.8955,0.4514,0.3267
16.4701,0.8061,-0.0625,-1.0899,2.3213,0.9073,0.4529,-0.0081,-0.7697,-0.0499,1.0630,2.2806,-0.9120,0.4556,0.3260
16.5100,0.7969,-0.0610,-1.0757,2.3079,0.9269,0.4590,-0.0081,-0.7593,-0.0456,1.0496,2.2653,-0.9296,0.4617,0.3260
16.5501,0.7873,-0.0594,-1.0642,2.2968,0.9315,0.4652,-0.0073,-0.7463,-0.0418,1.0366,2.2511,-0.9342,0.4633,0.3264
16.5947,0.7770,-0.0575,-1.0554,2.2872,0.9384,0.4686,-0.0077,-0.7344,-0.0357,1.0270,2.2408,-0.9376,0.4640,0.3271
16.6300,0.7639,-0.0525,-1.0458,2.2768,0.9488,0.4694,-0.0077,-0.7191,-0.0307,1.0178,2.2285,-0.9480,0.4633,0.3264
16.6600,0.7559,-0.0495,-1.0366,2.2665,0.9561,0.4702,-0.0081,-0.7060,-0.0253,1.0097,2.2178,-0.9557,0.4629,0.3267
16.7001,0.7444,-0.0464,-1.0278,2.2573,0.9626,0.4717,-0.0073,-0.6907,-0.0207,0.9990,2.2043,-0.9618,0.4625,0.3271
16.7401,0.7344,-0.0414,-1.0201,2.2461,0.9699,0.4717,-0.0077,-0.6734,-0.0165,0.9906,2.1921,-0.9679,0.4644,0.3271
16.7801,0.7217,-0.0376,-1.0105,2.2342,0.9745,0.4705,-0.0081,-0.6546,-0.0119,0.9837,2.1798,-0.9745,0.4633,0.3267
16.8202,0.7118,-0.0341,-1.0044,2.2243,0.9775,0.4717,-0.0077,-0.6408,-0.0073,0.9760,2.1687,-0.9756,0.4629,0.3264
16.8502,0.7029,-0.0303,-0.9990,2.2166,0.9810,0.4721,-0.0073,-0.6328,-0.0027,0.9725,2.1610,-0.9787,0.4636,0.3267
16.8900,0.6895,-0.0261,-0.9906,2.2001,0.9879,0.4736,-0.0077,-0.6186,0.0015,0.9637,2.1460,-0.9844,0.4648,0.3264
16.9303,0.6750,-0.0226,-0.9791,2.1844,0.9959,0.4709,-0.0073,-0.6029,0.0092,0.9553,2.1276,-0.9898,0.4667,0.3260
16.9702,0.6627,-0.0169,-0.9699,2.1706,1.0028,0.4755,-0.0077,-0.5887,0.0153,0.9453,2.1127,-0.9986,0.4679,0.3260
17.0100,0.6466,-0.0127,-0.9614,2.1541,1.0048,0.4821,-0.0077,-0.5729,0.0207,0.9365,2.0947,-1.0009,0.4721,0.3275
17.0400,0.6343,-0.0107,-0.9541,2.1434,1.0044,0.4832,-0.0077,-0.5603,0.0253,0.9307,2.0835,-1.0025,0.4709,0.3267
17.0814,0.6220,-0.0084,-0.9461,2.1345,1.0040,0.4855,-0.0077,-0.5453,0.0314,0.9246,2.0713,-1.0028,0.4702,0.3260
17.1203,0.6082,-0.0065,-0.9396,2.1226,1.0048,0.4874,-0.0077,-0.5338,0.0372,0.9177,2.0586,-1.0028,0.4709,0.3271
17.1601,0.5937,-0.0031,-0.9319,2.1062,1.0044,0.4878,-0.0081,-0.5181,0.0430,0.9108,2.0421,-1.0025,0.4713,0.3264
17.2000,0.5787,0.0008,-0.9242,2.0908,1.0044,0.4882,-0.0077,-0.5043,0.0483,0.9027,2.0268,-1.0021,0.4667,0.3260
17.2302,0.5699,0.0042,-0.9204,2.0801,1.0051,0.4874,-0.0081,-0.4939,0.0522,0.8966,2.0176,-1.0036,0.4598,0.3271
17.2700,0.5576,0.0084,-0.9139,2.0686,1.0063,0.4874,-0.0073,-0.4821,0.0575,0.8932,2.0061,-1.0044,0.4667,0.3260
17.3101,0.5461,0.0127,-0.9081,2.0586,1.0078,0.4863,-0.0069,-0.4702,0.0629,0.8886,1.9984,-1.0051,0.4656,0.3267
17.3501,0.5388,0.0157,-0.9054,2.0544,1.0113,0.4878,-0.0081,-0.4617,0.0671,0.8870,1.9926,-1.0051,0.4713,0.3264
17.3902,0.5334,0.0203,-0.9027,2.0482,1.0105,0.4901,-0.0081,-0.4571,0.0706,0.8851,1.9896,-1.0036,0.4682,0.3264
17.4199,0.5288,0.0222,-0.9027,2.0429,1.0097,0.4890,-0.0077,-0.4529,0.0732,0.8847,1.9857,-1.0044,0.4713,0.3267
17.4601,0.5239,0.0242,-0.9027,2.0379,1.0105,0.4893,-0.0077,-0.4464,0.0740,0.8832,1.9823,-1.0044,0.4675,0.3264
17.5001,0.5193,0.0249,-0.8997,2.0337,1.0101,0.4909,-0.0073,-0.4433,0.0744,0.8820,1.9762,-1.0036,0.4694,0.3260
17.5401,0.5131,0.0261,-0.8978,2.0272,1.0090,0.4905,-0.0081,-0.4372,0.0744,0.8817,1.9685,-1.0044,0.4686,0.3260
17.5801,0.5100,0.0276,-0.8958,2.0195,1.0105,0.4897,-0.0077,-0.4322,0.0763,0.8790,1.9631,-1.0036,0.4682,0.3264
17.6102,0.5062,0.0295,-0.8939,2.0149,1.0094,0.4897,-0.0081,-0.4307,0.0767,0.8786,1.9577,-1.0032,0.4679,0.3264
17.6500,0.5016,0.0322,-0.8924,2.0084,1.0090,0.4897,-0.0077,-0.4257,0.0786,0.8778,1.9516,-1.0032,0.4682,0.3267
17.6901,0.4970,0.0330,-0.8901,2.0045,1.0094,0.4890,-0.0077,-0.4207,0.0790,0.8782,1.9466,-1.0044,0.4667,0.3271
17.7301,0.4936,0.0357,-0.8893,2.0003,1.0086,0.4905,-0.0081,-0.4169,0.0798,0.8771,1.9436,-1.0025,0.4682,0.3264
17.7701,0.4882,0.0372,-0.8874,1.9946,1.0059,0.4928,-0.0084,-0.4115,0.0817,0.8751,1.9370,-1.0017,0.4686,0.3264
17.8100,0.4824,0.0399,-0.8847,1.9877,1.0055,0.4920,-0.0077,-0.4061,0.0832,0.8732,1.9297,-1.0013,0.4671,0.3264
17.8400,0.4798,0.0422,-0.8820,1.9834,1.0067,0.4924,-0.0081,-0.4027,0.0840,0.8709,1.9259,-1.0021,0.4679,0.3260
17.8800,0.4728,0.0449,-0.8797,1.9758,1.0059,0.4924,-0.0077,-0.3969,0.0871,0.8709,1.9190,-1.0002,0.4682,0.3264
17.9200,0.4667,0.0487,-0.8786,1.9708,1.0059,0.4909,-0.0077,-0.3908,0.0890,0.8686,1.9140,-1.0013,0.4663,0.3264
17.9602,0.4625,0.0510,-0.8771,1.9662,1.0059,0.4936,-0.0081,-0.3866,0.0917,0.8682,1.9121,-1.0005,0.4675,0.3275
18.0000,0.4583,0.0518,-0.8759,1.9643,1.0055,0.4932,-0.0081,-0.3827,0.0932,0.8682,1.9106,-1.0005,0.4667,0.3264
18.0304,0.4571,0.0522,-0.8763,1.9635,1.0051,0.4928,-0.0077,-0.3812,0.0936,0.8675,1.9102,-1.0002,0.4679,0.3267
18.0700,0.4556,0.0525,-0.8771,1.9631,1.0055,0.4924,-0.0077,-0.3793,0.0951,0.8667,1.9098,-1.0005,0.4675,0.3267
18.1100,0.4548,0.0522,-0.8767,1.9635,1.0051,0.4936,-0.0069,-0.3789,0.0947,0.8671,1.9094,-1.0002,0.4679,0.3256
18.1509,0.4556,0.0525,-0.8763,1.9635,1.0059,0.4928,-0.0073,-0.3793,0.0947,0.8667,1.9102,-1.0009,0.4675,0.3260
18.1901,0.4560,0.0525,-0.8755,1.9635,1.0051,0.4924,-0.0069,-0.3797,0.0947,0.8667,1.9094,-1.0002,0.4682,0.3264
18.2200,0.4567,0.0522,-0.8755,1.9639,1.0055,0.4924,-0.0073,-0.3808,0.0951,0.8671,1.9090,-0.9998,0.4675,0.3256
18.2600,0.4579,0.0522,-0.8755,1.9635,1.0055,0.4920,-0.0077,-0.3808,0.0947,0.8663,1.9090,-1.0009,0.4675,0.3264
18.3000,0.4587,0.0529,-0.8755,1.9639,1.0055,0.4932,-0.0073,-0.3804,0.0943,0.8671,1.9090,-1.0005,0.4679,0.3271
18.3402,0.4594,0.0533,-0.8759,1.9639,1.0048,0.4932,-0.0073,-0.3812,0.0943,0.8667,1.9102,-1.0002,0.4679,0.3260
18.3801,0.4602,0.0525,-0.8759,1.9639,1.0048,0.4928,-0.0077,-0.3816,0.0947,0.8667,1.9094,-0.9998,0.4675,0.3264
18.4102,0.4613,0.0529,-0.8751,1.9643,1.0048,0.4928,-0.0081,-0.3812,0.0947,0.8671,1.9098,-1.0005,0.4675,0.3260
18.4502,0.4629,0.0525,-0.8755,1.9650,1.0051,0.4928,-0.0077,-0.3820,0.0940,0.8667,1.9102,-1.0002,0.4671,0.3260
18.4904,0.4633,0.0529,-0.8751,1.9650,1.0048,0.4924,-0.0077,-0.3835,0.0943,0.8675,1.9102,-0.9994,0.4679,0.3260
18.5302,0.4636,0.0522,-0.8755,1.9646,1.0051,0.4932,-0.0077,-0.3846,0.0943,0.8671,1.9106,-0.9990,0.4682,0.3264
18.5702,0.4652,0.0529,-0.8755,1.9654,1.0048,0.4928,-0.0081,-0.3850,0.0951,0.8671,1.9110,-0.9986,0.4686,0.3264
18.6000,0.4663,0.0525,-0.8755,1.9654,1.0055,0.4924,-0.0077,-0.3839,0.0951,0.8663,1.9121,-0.9990,0.4682,0.3264
18.6399,0.4667,0.0525,-0.8755,1.9666,1.0048,0.4928,-0.0077,-0.3862,0.0947,0.8678,1.9129,-0.9986,0.4671,0.3260
18.6799,0.4667,0.0525,-0.8755,1.9666,1.0051,0.4928,-0.0081,-0.3877,0.0947,0.8671,1.9136,-0.9986,0.4679,0.3267
18.7199,0.4686,0.0529,-0.8748,1.9689,1.0048,0.4932,-0.0077,-0.3885,0.0940,0.8663,1.9148,-0.9994,0.4682,0.3264
18.7602,0.4686,0.0533,-0.8751,1.9692,1.0048,0.4928,-0.0073,-0.3908,0.0947,0.8671,1.9156,-0.9990,0.4682,0.3264
18.7900,0.4702,0.0533,-0.8755,1.9700,1.0048,0.4932,-0.0077,-0.3915,0.0947,0.8667,1.9156,-0.9990,0.4679,0.3267
18.8300,0.4698,0.0529,-0.8751,1.9696,1.0044,0.4932,-0.0073,-0.3912,0.0943,0.8667,1.9167,-0.9979,0.4679,0.3271
18.8703,0.4702,0.0525,-0.8755,1.9708,1.0048,0.4939,-0.0073,-0.3927,0.0943,0.8667,1.9171,-0.9986,0.4675,0.3267
18.9099,0.4709,0.0529,-0.8748,1.9704,1.0051,0.4928,-0.0073,-0.3938,0.0943,0.8671,1.9182,-0.9986,0.4686,0.3264
18.9500,0.4709,0.0525,-0.8748,1.9712,1.0036,0.4932,-0.0077,-0.3950,0.0943,0.8667,1.9186,-0.9994,0.4679,0.3264
18.9901,0.4721,0.0533,-0.8755,1.9727,1.0048,0.4936,-0.0069,-0.3965,0.0943,0.8671,1.9182,-0.9994,0.4686,0.3264
