time,left_s0,left_s1,left_e0,left_e1,left_w0,left_w1,left_w2,right_s0,right_s1,right_e0,right_e1,right_w0,right_w1,right_w2
0.0000,0.2297,-0.1710,-1.4005,1.5854,-0.1626,0.1618,-0.0077,-0.1967,-0.2079,1.3940,1.6053,0.1722,0.1756,0.3256
0.0501,0.2289,-0.1753,-1.3998,1.5877,-0.1595,0.1599,-0.0073,-0.1971,-0.2136,1.3932,1.6118,0.1703,0.1714,0.3267
0.1000,0.2289,-0.1810,-1.3986,1.5907,-0.1588,0.1599,-0.0065,-0.1971,-0.2197,1.3921,1.6157,0.1684,0.1741,0.3264
0.1599,0.2282,-0.1883,-1.3986,1.5946,-0.1584,0.1580,-0.0069,-0.1975,-0.2282,1.3902,1.6233,0.1649,0.1680,0.3252
0.2099,0.2282,-0.1933,-1.3982,1.5973,-0.1549,0.1572,-0.0077,-0.1971,-0.2335,1.3886,1.6283,0.1615,0.1691,0.3260
0.2700,0.2263,-0.2010,-1.3986,1.6030,-0.1515,0.1553,-0.0081,-0.1975,-0.2412,1.3863,1.6364,0.1584,0.1661,0.3256
0.3200,0.2251,-0.2071,-1.3998,1.6061,-0.1503,0.1553,-0.0081,-0.1975,-0.2477,1.3848,1.6421,0.1572,0.1653,0.3260
0.3698,0.2243,-0.2136,-1.3990,1.6114,-0.1511,0.1549,-0.0077,-0.1971,-0.2523,1.3852,1.6479,0.1572,0.1664,0.3267
0.4300,0.2232,-0.2190,-1.3986,1.6160,-0.1503,0.1588,-0.0069,-0.1975,-0.2569,1.3825,1.6555,0.1568,0.1626,0.3260
0.4799,0.2213,-0.2232,-1.3990,1.6203,-0.1499,0.1522,-0.0069,-0.1963,-0.2615,1.3806,1.6594,0.1572,0.1641,0.3260
0.5400,0.2201,-0.2263,-1.3990,1.6241,-0.1492,0.1415,-0.0077,-0.1963,-0.2650,1.3779,1.6625,0.1572,0.1580,0.3260
0.5899,0.2190,-0.2289,-1.3990,1.6279,-0.1492,0.1323,-0.0073,-0.1960,-0.2673,1.3764,1.6682,0.1568,0.1473,0.3260
0.6398,0.2182,-0.2324,-1.3986,1.6295,-0.1492,0.1304,-0.0069,-0.1952,-0.2704,1.3744,1.6705,0.1576,0.1450,0.3256
0.6997,0.2182,-0.2358,-1.3986,1.6333,-0.1492,0.1312,-0.0073,-0.1952,-0.2750,1.3706,1.6747,0.1565,0.1476,0.3256
0.7500,0.2190,-0.2408,-1.3982,1.6371,-0.1461,0.1331,-0.0069,-0.1956,-0.2777,1.3695,1.6793,0.1565,0.1503,0.3252
0.8099,0.2182,-0.2462,-1.3967,1.6421,-0.1442,0.1327,-0.0073,-0.1960,-0.2834,1.3652,1.6843,0.1526,0.1484,0.3256
0.8604,0.2174,-0.2500,-1.3963,1.6448,-0.1442,0.1315,-0.0077,-0.1940,-0.2849,1.3633,1.6881,0.1522,0.1453,0.3260
0.9099,0.2186,-0.2543,-1.3963,1.6486,-0.1442,0.1346,-0.0081,-0.1933,-0.2888,1.3629,1.6939,0.1507,0.1358,0.3252
0.9700,0.2182,-0.2581,-1.3955,1.6525,-0.1450,0.1335,-0.0077,-0.1921,-0.2907,1.3610,1.6958,0.1503,0.1384,0.3260
1.0198,0.2182,-0.2608,-1.3952,1.6552,-0.1453,0.1342,-0.0073,-0.1914,-0.2926,1.3610,1.7004,0.1496,0.1373,0.3264
1.0799,0.2182,-0.2654,-1.3929,1.6590,-0.1438,0.1331,-0.0073,-0.1910,-0.2953,1.3587,1.7039,0.1496,0.1427,0.3260
1.1300,0.2178,-0.2677,-1.3917,1.6617,-0.1450,0.1354,-0.0077,-0.1906,-0.2968,1.3576,1.7085,0.1496,0.1377,0.3260
1.1800,0.2178,-0.2704,-1.3909,1.6648,-0.1446,0.1358,-0.0077,-0.1906,-0.2980,1.3568,1.7112,0.1496,0.1415,0.3256
1.2400,0.2163,-0.2750,-1.3894,1.6686,-0.1442,0.1346,-0.0073,-0.1898,-0.2999,1.3553,1.7146,0.1492,0.1377,0.3260
1.2900,0.2171,-0.2784,-1.3879,1.6720,-0.1442,0.1358,-0.0069,-0.1891,-0.3022,1.3530,1.7177,0.1496,0.1342,0.3267
1.3500,0.2163,-0.2823,-1.3863,1.6778,-0.1442,0.1304,-0.0069,-0.1902,-0.3053,1.3526,1.7230,0.1496,0.1300,0.3260
1.3998,0.2167,-0.2895,-1.3825,1.6828,-0.1442,0.1277,-0.0069,-0.1894,-0.3087,1.3507,1.7296,0.1499,0.1220,0.3264
1.4600,0.2159,-0.2938,-1.3810,1.6893,-0.1453,0.1285,-0.0081,-0.1894,-0.3125,1.3495,1.7357,0.1499,0.1181,0.3260
1.5100,0.2155,-0.3007,-1.3779,1.6950,-0.1442,0.1266,-0.0077,-0.1887,-0.3164,1.3480,1.7430,0.1488,0.1193,0.3260
1.5600,0.2148,-0.3076,-1.3760,1.7004,-0.1438,0.1258,-0.0077,-0.1887,-0.3198,1.3461,1.7480,0.1480,0.1235,0.3264
1.6199,0.2144,-0.3137,-1.3733,1.7100,-0.1407,0.1204,-0.0069,-0.1894,-0.3237,1.3449,1.7583,0.1480,0.1212,0.3256
1.6698,0.2121,-0.3210,-1.3687,1.7177,-0.1396,0.1254,-0.0073,-0.1891,-0.3271,1.3415,1.7675,0.1453,0.1189,0.3260
1.7298,0.2117,-0.3279,-1.3649,1.7292,-0.1392,0.1223,-0.0073,-0.1887,-0.3302,1.3399,1.7779,0.1457,0.1158,0.3260
1.7801,0.2082,-0.3340,-1.3610,1.7353,-0.1373,0.1246,-0.0077,-0.1891,-0.3333,1.3384,1.7844,0.1453,0.1239,0.3256
1.8298,0.2044,-0.3371,-1.3587,1.7399,-0.1365,0.1250,-0.0077,-0.1887,-0.3333,1.3372,1.7909,0.1446,0.1246,0.3260
1.8899,0.1998,-0.3367,-1.3583,1.7438,-0.1365,0.1239,-0.0073,-0.1891,-0.3344,1.3376,1.7948,0.1453,0.1277,0.3260
1.9399,0.1963,-0.3379,-1.3576,1.7476,-0.1377,0.1193,-0.0073,-0.1891,-0.3359,1.3369,1.7994,0.1457,0.1189,0.3260
1.9997,0.1925,-0.3425,-1.3549,1.7514,-0.1361,0.1200,-0.0077,-0.1894,-0.3371,1.3369,1.8040,0.1461,0.1116,0.3260
2.0500,0.1906,-0.3432,-1.3545,1.7576,-0.1377,0.1227,-0.0073,-0.1902,-0.3379,1.3357,1.8086,0.1453,0.1108,0.3260
2.0998,0.1902,-0.3471,-1.3534,1.7645,-0.1361,0.1235,-0.0069,-0.1921,-0.3394,1.3365,1.8162,0.1453,0.1116,0.3256
2.1600,0.1891,-0.3513,-1.3514,1.7694,-0.1365,0.1227,-0.0073,-0.1952,-0.3409,1.3361,1.8235,0.1450,0.1147,0.3264
2.2099,0.1894,-0.3536,-1.3503,1.7767,-0.1369,0.1185,-0.0073,-0.1994,-0.3425,1.3365,1.8327,0.1453,0.1158,0.3256
2.2707,0.1898,-0.3586,-1.3480,1.7833,-0.1365,0.1212,-0.0077,-0.2075,-0.3451,1.3361,1.8412,0.1453,0.1200,0.3264
2.3200,0.1891,-0.3624,-1.3457,1.7921,-0.1369,0.1127,-0.0073,-0.2144,-0.3490,1.3357,1.8515,0.1453,0.1212,0.3260
2.3699,0.1898,-0.3655,-1.3426,1.7990,-0.1361,0.1197,-0.0069,-0.2240,-0.3513,1.3353,1.8630,0.1446,0.1243,0.3256
2.4300,0.1894,-0.3697,-1.3399,1.8089,-0.1369,0.1216,-0.0073,-0.2343,-0.3543,1.3365,1.8753,0.1453,0.1262,0.3256
2.4800,0.1917,-0.3731,-1.3372,1.8201,-0.1361,0.1239,-0.0069,-0.2435,-0.3582,1.3349,1.8856,0.1453,0.1304,0.3252
2.5400,0.1933,-0.3777,-1.3334,1.8312,-0.1361,0.1273,-0.0077,-0.2546,-0.3624,1.3346,1.8998,0.1442,0.1346,0.3260
2.5901,0.1960,-0.3800,-1.3326,1.8404,-0.1369,0.1292,-0.0073,-0.2642,-0.3655,1.3342,1.9102,0.1446,0.1384,0.3267
2.6499,0.2006,-0.3846,-1.3307,1.8527,-0.1373,0.1342,-0.0077,-0.2773,-0.3708,1.3342,1.9244,0.1450,0.1419,0.3256
2.7009,0.2029,-0.3869,-1.3284,1.8607,-0.1377,0.1338,-0.0077,-0.2853,-0.3735,1.3338,1.9340,0.1438,0.1434,0.3256
2.7501,0.2086,-0.3904,-1.3280,1.8703,-0.1373,0.1388,-0.0069,-0.2949,-0.3766,1.3342,1.9455,0.1442,0.1469,0.3256
2.8098,0.2144,-0.3927,-1.3250,1.8795,-0.1384,0.1388,-0.0077,-0.3049,-0.3793,1.3334,1.9558,0.1450,0.1499,0.3260
2.8600,0.2201,-0.3942,-1.3238,1.8860,-0.1392,0.1396,-0.0077,-0.3118,-0.3816,1.3334,1.9612,0.1450,0.1530,0.3260
2.9198,0.2286,-0.3977,-1.3231,1.8941,-0.1411,0.1423,-0.0069,-0.3214,-0.3866,1.3334,1.9715,0.1442,0.1553,0.3252
2.9700,0.2343,-0.3985,-1.3223,1.9002,-0.1427,0.1438,-0.0073,-0.3264,-0.3885,1.3334,1.9773,0.1450,0.1588,0.3256
3.0201,0.2428,-0.4019,-1.3219,1.9094,-0.1423,0.1488,-0.0069,-0.3348,-0.3919,1.3338,1.9857,0.1446,0.1630,0.3264
3.0799,0.2512,-0.4034,-1.3204,1.9179,-0.1434,0.1530,-0.0077,-0.3409,-0.3962,1.3323,1.9938,0.1446,0.1653,0.3271
3.1298,0.2600,-0.4069,-1.3211,1.9263,-0.1430,0.1545,-0.0069,-0.3482,-0.4004,1.3342,2.0018,0.1453,0.1695,0.3256
3.1900,0.2692,-0.4073,-1.3188,1.9340,-0.1450,0.1572,-0.0073,-0.3570,-0.4027,1.3334,2.0068,0.1457,0.1783,0.3248
3.2398,0.2761,-0.4100,-1.3192,1.9386,-0.1469,0.1584,-0.0073,-0.3624,-0.4046,1.3330,2.0145,0.1457,0.1710,0.3256
3.2900,0.2819,-0.4092,-1.3185,1.9432,-0.1469,0.1599,-0.0069,-0.3666,-0.4061,1.3334,2.0160,0.1465,0.1733,0.3260
3.3501,0.2888,-0.4111,-1.3173,1.9497,-0.1476,0.1618,-0.0073,-0.3720,-0.4080,1.3330,2.0218,0.1476,0.1779,0.3260
3.3997,0.2941,-0.4123,-1.3177,1.9547,-0.1484,0.1653,-0.0069,-0.3758,-0.4115,1.3323,2.0249,0.1473,0.1848,0.3256
3.4601,0.2995,-0.4142,-1.3185,1.9612,-0.1503,0.1668,-0.0077,-0.3816,-0.4142,1.3342,2.0298,0.1488,0.1818,0.3252
3.5098,0.3037,-0.4157,-1.3181,1.9646,-0.1522,0.1733,-0.0073,-0.3850,-0.4153,1.3338,2.0310,0.1488,0.1894,0.3256
3.5598,0.3083,-0.4161,-1.3162,1.9666,-0.1515,0.1764,-0.0077,-0.3869,-0.4165,1.3330,2.0333,0.1496,0.1894,0.3260
3.6200,0.3148,-0.4188,-1.3173,1.9712,-0.1519,0.1768,-0.0077,-0.3892,-0.4180,1.3338,2.0344,0.1515,0.1940,0.3256
3.6700,0.3183,-0.4195,-1.3173,1.9738,-0.1530,0.1787,-0.0077,-0.3900,-0.4188,1.3334,2.0341,0.1507,0.1952,0.3256
3.7312,0.3237,-0.4234,-1.3173,1.9785,-0.1538,0.1806,-0.0073,-0.3923,-0.4215,1.3334,2.0344,0.1519,0.1979,0.3252
3.7810,0.3287,-0.4222,-1.3181,1.9819,-0.1557,0.1833,-0.0069,-0.3942,-0.4234,1.3334,2.0352,0.1530,0.1987,0.3256
3.8403,0.3340,-0.4257,-1.3173,1.9850,-0.1584,0.1898,-0.0073,-0.3962,-0.4253,1.3334,2.0356,0.1538,0.2040,0.3260
3.8900,0.3382,-0.4261,-1.3169,1.9865,-0.1584,0.1952,-0.0077,-0.3973,-0.4261,1.3330,2.0337,0.1545,0.2075,0.3256
3.9398,0.3421,-0.4280,-1.3181,1.9900,-0.1584,0.1979,-0.0073,-0.3977,-0.4280,1.3323,2.0321,0.1545,0.2117,0.3267
4.0000,0.3459,-0.4276,-1.3173,1.9911,-0.1572,0.1990,-0.0073,-0.3977,-0.4295,1.3319,2.0298,0.1557,0.2128,0.3256
4.0501,0.3490,-0.4287,-1.3177,1.9915,-0.1576,0.1998,-0.0069,-0.3977,-0.4291,1.3323,2.0268,0.1561,0.2159,0.3256
4.1102,0.3517,-0.4287,-1.3181,1.9907,-0.1580,0.1998,-0.0077,-0.3988,-0.4287,1.3319,2.0249,0.1557,0.2167,0.3256
4.1642,0.3540,-0.4295,-1.3173,1.9915,-0.1592,0.1994,-0.0069,-0.3977,-0.4291,1.3323,2.0237,0.1561,0.2167,0.3260
4.2100,0.3555,-0.4299,-1.3173,1.9907,-0.1572,0.2021,-0.0077,-0.3973,-0.4291,1.3315,2.0206,0.1557,0.2186,0.3252
4.2698,0.3563,-0.4310,-1.3173,1.9923,-0.1576,0.2048,-0.0073,-0.3977,-0.4299,1.3315,2.0176,0.1553,0.2263,0.3256
4.3200,0.3582,-0.4299,-1.3173,1.9919,-0.1599,0.2079,-0.0069,-0.3973,-0.4295,1.3311,2.0153,0.1565,0.2251,0.3248
4.3799,0.3590,-0.4303,-1.3181,1.9911,-0.1580,0.2098,-0.0073,-0.3969,-0.4291,1.3323,2.0122,0.1557,0.2255,0.3252
4.4301,0.3601,-0.4303,-1.3177,1.9919,-0.1584,0.2090,-0.0077,-0.3969,-0.4291,1.3319,2.0091,0.1557,0.2251,0.3260
4.4799,0.3601,-0.4299,-1.3177,1.9915,-0.1599,0.2094,-0.0069,-0.3973,-0.4287,1.3319,2.0087,0.1561,0.2263,0.3256
4.5399,0.3616,-0.4310,-1.3181,1.9911,-0.1588,0.2102,-0.0069,-0.3969,-0.4291,1.3323,2.0072,0.1565,0.2270,0.3264
4.5898,0.3613,-0.4310,-1.3177,1.9919,-0.1580,0.2109,-0.0069,-0.3962,-0.4299,1.3311,2.0041,0.1561,0.2263,0.3248
4.6499,0.3620,-0.4310,-1.3177,1.9915,-0.1584,0.2136,-0.0081,-0.3958,-0.4295,1.3315,2.0007,0.1568,0.2282,0.3264
4.7000,0.3632,-0.4322,-1.3177,1.9919,-0.1607,0.2148,-0.0073,-0.3938,-0.4303,1.3311,1.9992,0.1572,0.2259,0.3252
4.7503,0.3647,-0.4341,-1.3177,1.9923,-0.1615,0.2171,-0.0069,-0.3904,-0.4291,1.3311,1.9946,0.1576,0.2274,0.3260
4.8102,0.3666,-0.4322,-1.3185,1.9915,-0.1607,0.2197,-0.0081,-0.3889,-0.4303,1.3311,1.9915,0.1568,0.2301,0.3256
4.8599,0.3689,-0.4326,-1.3188,1.9926,-0.1611,0.2224,-0.0077,-0.3873,-0.4299,1.3303,1.9873,0.1572,0.2328,0.3267
4.9198,0.3705,-0.4326,-1.3188,1.9907,-0.1607,0.2243,-0.0077,-0.3846,-0.4295,1.3296,1.9819,0.1572,0.2343,0.3256
4.9700,0.3728,-0.4330,-1.3188,1.9900,-0.1618,0.2266,-0.0077,-0.3816,-0.4295,1.3280,1.9773,0.1580,0.2389,0.3260
5.0298,0.3731,-0.4333,-1.3185,1.9877,-0.1615,0.2289,-0.0073,-0.3770,-0.4287,1.3269,1.9704,0.1572,0.2385,0.3264
5.0800,0.3731,-0.4330,-1.3185,1.9873,-0.1622,0.2305,-0.0073,-0.3743,-0.4295,1.3257,1.9643,0.1580,0.2382,0.3256
5.1301,0.3731,-0.4337,-1.3192,1.9865,-0.1615,0.2301,-0.0073,-0.3693,-0.4287,1.3261,1.9589,0.1580,0.2378,0.3256
5.1900,0.3735,-0.4337,-1.3185,1.9838,-0.1615,0.2332,-0.0081,-0.3628,-0.4295,1.3250,1.9524,0.1576,0.2393,0.3260
5.2400,0.3731,-0.4341,-1.3188,1.9819,-0.1615,0.2358,-0.0077,-0.3559,-0.4291,1.3242,1.9455,0.1572,0.2397,0.3252
5.2997,0.3739,-0.4349,-1.3196,1.9811,-0.1607,0.2366,-0.0073,-0.3497,-0.4284,1.3227,1.9378,0.1576,0.2431,0.3256
5.3500,0.3747,-0.4345,-1.3188,1.9788,-0.1615,0.2393,-0.0073,-0.3413,-0.4284,1.3227,1.9317,0.1580,0.2451,0.3256
5.3998,0.3739,-0.4349,-1.3181,1.9746,-0.1611,0.2393,-0.0069,-0.3344,-0.4268,1.3208,1.9244,0.1576,0.2458,0.3252
5.4597,0.3739,-0.4345,-1.3188,1.9696,-0.1611,0.2397,-0.0073,-0.3271,-0.4253,1.3196,1.9167,0.1576,0.2466,0.3260
5.5104,0.3724,-0.4349,-1.3188,1.9654,-0.1618,0.2408,-0.0073,-0.3175,-0.4234,1.3188,1.9067,0.1572,0.2497,0.3256
5.5700,0.3701,-0.4337,-1.3188,1.9600,-0.1603,0.2447,-0.0073,-0.3102,-0.4218,1.3169,1.9006,0.1576,0.2428,0.3260
5.6200,0.3685,-0.4314,-1.3181,1.9547,-0.1607,0.2416,-0.0077,-0.3026,-0.4184,1.3165,1.8922,0.1568,0.2474,0.3260
5.6700,0.3636,-0.4303,-1.3177,1.9485,-0.1595,0.2435,-0.0073,-0.2957,-0.4142,1.3154,1.8837,0.1565,0.2493,0.3256
5.7300,0.3586,-0.4261,-1.3177,1.9386,-0.1580,0.2397,-0.0077,-0.2865,-0.4077,1.3146,1.8718,0.1545,0.2458,0.3248
5.7800,0.3517,-0.4218,-1.3177,1.9278,-0.1553,0.2443,-0.0077,-0.2784,-0.4019,1.3123,1.8600,0.1538,0.2481,0.3256
5.8400,0.3436,-0.4157,-1.3169,1.9186,-0.1549,0.2397,-0.0069,-0.2688,-0.3946,1.3096,1.8461,0.1526,0.2462,0.3264
5.8900,0.3348,-0.4084,-1.3173,1.9083,-0.1538,0.2412,-0.0073,-0.2612,-0.3900,1.3081,1.8362,0.1522,0.2458,0.3260
5.9397,0.3252,-0.4004,-1.3169,1.8968,-0.1515,0.2393,-0.0081,-0.2527,-0.3835,1.3066,1.8239,0.1515,0.2447,0.3260
5.9999,0.3118,-0.3900,-1.3177,1.8864,-0.1503,0.2401,-0.0077,-0.2431,-0.3777,1.3047,1.8097,0.1526,0.2439,0.3260
6.0500,0.3026,-0.3827,-1.3154,1.8768,-0.1515,0.2397,-0.0073,-0.2339,-0.3751,1.3035,1.7986,0.1511,0.2412,0.3260
6.1099,0.2907,-0.3797,-1.3131,1.8692,-0.1507,0.2428,-0.0073,-0.2232,-0.3708,1.3023,1.7856,0.1480,0.2397,0.3252
6.1598,0.2815,-0.3770,-1.3123,1.8619,-0.1499,0.2397,-0.0069,-0.2128,-0.3674,1.3004,1.7767,0.1469,0.2385,0.3256
6.2198,0.2715,-0.3785,-1.3116,1.8534,-0.1492,0.2416,-0.0073,-0.2033,-0.3628,1.2989,1.7656,0.1465,0.2378,0.3256
6.2700,0.2642,-0.3743,-1.3127,1.8435,-0.1488,0.2355,-0.0073,-0.1933,-0.3582,1.2981,1.7564,0.1461,0.2328,0.3256
6.3201,0.2585,-0.3708,-1.3131,1.8346,-0.1469,0.2420,-0.0069,-0.1848,-0.3540,1.2977,1.7484,0.1446,0.2320,0.3267
6.3799,0.2516,-0.3639,-1.3123,1.8262,-0.1469,0.2393,-0.0081,-0.1760,-0.3490,1.2970,1.7399,0.1423,0.2332,0.3267
6.4301,0.2451,-0.3555,-1.3108,1.8139,-0.1453,0.2428,-0.0077,-0.1672,-0.3440,1.2974,1.7292,0.1427,0.2347,0.3264
6.4900,0.2366,-0.3451,-1.3104,1.7994,-0.1450,0.2405,-0.0073,-0.1572,-0.3363,1.2966,1.7146,0.1423,0.2297,0.3264
6.5422,0.2282,-0.3371,-1.3104,1.7867,-0.1450,0.2297,-0.0073,-0.1484,-0.3306,1.2966,1.7027,0.1415,0.2217,0.3256
6.5900,0.2178,-0.3298,-1.3100,1.7740,-0.1450,0.2228,-0.0073,-0.1407,-0.3260,1.2958,1.6908,0.1407,0.2159,0.3256
6.6501,0.2056,-0.3202,-1.3096,1.7583,-0.1446,0.2205,-0.0073,-0.1315,-0.3195,1.2954,1.6766,0.1419,0.2251,0.3260
6.7000,0.1960,-0.3122,-1.3100,1.7499,-0.1450,0.2201,-0.0077,-0.1250,-0.3137,1.2954,1.6694,0.1419,0.2163,0.3260
6.7600,0.1837,-0.3041,-1.3096,1.7376,-0.1453,0.2224,-0.0077,-0.1150,-0.3083,1.2943,1.6563,0.1415,0.2171,0.3260
6.8099,0.1741,-0.3010,-1.3085,1.7307,-0.1446,0.2217,-0.0077,-0.1093,-0.3064,1.2951,1.6506,0.1415,0.2090,0.3256
6.8598,0.1638,-0.3007,-1.3081,1.7253,-0.1446,0.2205,-0.0069,-0.1043,-0.3041,1.2928,1.6448,0.1415,0.2148,0.3256
6.9200,0.1561,-0.2984,-1.3089,1.7207,-0.1453,0.2217,-0.0069,-0.1001,-0.3030,1.2939,1.6406,0.1411,0.2197,0.3264
6.9699,0.1488,-0.2980,-1.3089,1.7158,-0.1465,0.2213,-0.0073,-0.0959,-0.3014,1.2947,1.6371,0.1427,0.2140,0.3260
7.0300,0.1438,-0.2976,-1.3089,1.7108,-0.1488,0.2197,-0.0073,-0.0913,-0.3007,1.2939,1.6329,0.1430,0.2102,0.3256
7.0798,0.1392,-0.2964,-1.3089,1.7043,-0.1515,0.2186,-0.0081,-0.0882,-0.2991,1.2947,1.6264,0.1438,0.2079,0.3256
7.1299,0.1365,-0.2938,-1.3096,1.6981,-0.1522,0.2178,-0.0073,-0.0863,-0.2972,1.2939,1.6233,0.1446,0.2063,0.3256
7.1899,0.1327,-0.2915,-1.3081,1.6904,-0.1561,0.2159,-0.0073,-0.0832,-0.2957,1.2931,1.6180,0.1473,0.2044,0.3260
7.2399,0.1304,-0.2895,-1.3081,1.6843,-0.1584,0.2151,-0.0081,-0.0817,-0.2941,1.2947,1.6137,0.1496,0.2052,0.3267
7.3000,0.1262,-0.2880,-1.3073,1.6755,-0.1580,0.2121,-0.0073,-0.0802,-0.2918,1.2939,1.6091,0.1507,0.2044,0.3264
7.3499,0.1216,-0.2865,-1.3073,1.6713,-0.1634,0.2121,-0.0077,-0.0786,-0.2918,1.2939,1.6061,0.1549,0.2017,0.3260
7.4100,0.1173,-0.2865,-1.3085,1.6678,-0.1641,0.2079,-0.0077,-0.0763,-0.2915,1.2947,1.6011,0.1588,0.1994,0.3267
7.4600,0.1127,-0.2849,-1.3081,1.6636,-0.1664,0.2090,-0.0073,-0.0744,-0.2915,1.2939,1.5996,0.1611,0.1998,0.3260
7.5099,0.1081,-0.2846,-1.3081,1.6602,-0.1714,0.2075,-0.0073,-0.0729,-0.2907,1.2951,1.5976,0.1653,0.1994,0.3256
7.5700,0.1051,-0.2838,-1.3093,1.6571,-0.1726,0.2079,-0.0077,-0.0709,-0.2915,1.2939,1.5957,0.1676,0.1960,0.3260
7.6201,0.1020,-0.2842,-1.3085,1.6536,-0.1779,0.2067,-0.0073,-0.0686,-0.2903,1.2943,1.5938,0.1745,0.1937,0.3267
7.6800,0.0955,-0.2838,-1.3081,1.6506,-0.1837,0.2044,-0.0073,-0.0671,-0.2911,1.2939,1.5904,0.1818,0.1910,0.3260
7.7300,0.0917,-0.2823,-1.3081,1.6471,-0.1925,0.2029,-0.0073,-0.0652,-0.2918,1.2939,1.5884,0.1937,0.1902,0.3260
7.7800,0.0882,-0.2846,-1.3073,1.6437,-0.2010,0.1994,-0.0073,-0.0629,-0.2926,1.2931,1.5865,0.2044,0.1791,0.3260
7.8400,0.0828,-0.2849,-1.3073,1.6391,-0.2102,0.1948,-0.0073,-0.0602,-0.2938,1.2935,1.5808,0.2136,0.1779,0.3256
7.8897,0.0798,-0.2834,-1.3070,1.6345,-0.2144,0.1910,-0.0073,-0.0583,-0.2949,1.2935,1.5800,0.2186,0.1741,0.3256
7.9505,0.0732,-0.2846,-1.3073,1.6295,-0.2144,0.1894,-0.0073,-0.0564,-0.2980,1.2939,1.5762,0.2190,0.1730,0.3256
8.0000,0.0694,-0.2834,-1.3073,1.6253,-0.2201,0.1898,-0.0077,-0.0552,-0.2999,1.2943,1.5746,0.2243,0.1722,0.3264
8.0499,0.0660,-0.2853,-1.3070,1.6226,-0.2274,0.1879,-0.0081,-0.0537,-0.3037,1.2943,1.5723,0.2343,0.1787,0.3256
8.1100,0.0617,-0.2857,-1.3062,1.6183,-0.2289,0.1883,-0.0073,-0.0529,-0.3060,1.2947,1.5712,0.2358,0.1791,0.3256
8.1599,0.0571,-0.2865,-1.3062,1.6145,-0.2397,0.1879,-0.0073,-0.0510,-0.3091,1.2947,1.5685,0.2462,0.1779,0.3256
8.2198,0.0533,-0.2853,-1.3062,1.6072,-0.2481,0.1856,-0.0073,-0.0499,-0.3133,1.2951,1.5658,0.2573,0.1664,0.3260
8.2702,0.0499,-0.2876,-1.3062,1.6022,-0.2485,0.1871,-0.0077,-0.0479,-0.3172,1.2951,1.5635,0.2581,0.1572,0.3260
8.3199,0.0468,-0.2876,-1.3050,1.5984,-0.2535,0.1852,-0.0073,-0.0472,-0.3210,1.2958,1.5597,0.2627,0.1588,0.3260
8.3801,0.0418,-0.2884,-1.3054,1.5911,-0.2585,0.1822,-0.0077,-0.0460,-0.3233,1.2970,1.5562,0.2673,0.1599,0.3256
8.4300,0.0383,-0.2903,-1.3043,1.5861,-0.2646,0.1822,-0.0073,-0.0464,-0.3267,1.2981,1.5535,0.2750,0.1622,0.3264
8.4898,0.0334,-0.2899,-1.3031,1.5788,-0.2746,0.1825,-0.0077,-0.0464,-0.3298,1.2985,1.5493,0.2861,0.1695,0.3260
8.5400,0.0295,-0.2915,-1.3031,1.5716,-0.2746,0.1818,-0.0077,-0.0464,-0.3321,1.3004,1.5486,0.2846,0.1630,0.3260
8.5998,0.0242,-0.2926,-1.3016,1.5643,-0.2826,0.1818,-0.0073,-0.0460,-0.3352,1.3031,1.5428,0.2934,0.1607,0.3260
8.6499,0.0203,-0.2941,-1.3012,1.5589,-0.2865,0.1806,-0.0077,-0.0453,-0.3371,1.3058,1.5409,0.2972,0.1507,0.3256
8.7000,0.0165,-0.2964,-1.3004,1.5520,-0.2934,0.1822,-0.0073,-0.0456,-0.3382,1.3070,1.5363,0.3014,0.1515,0.3264
8.7598,0.0119,-0.2976,-1.2989,1.5447,-0.3037,0.1810,-0.0069,-0.0456,-0.3428,1.3085,1.5332,0.3145,0.1480,0.3256
8.8103,0.0088,-0.3003,-1.2993,1.5390,-0.3053,0.1818,-0.0069,-0.0456,-0.3463,1.3104,1.5298,0.3145,0.1480,0.3252
8.8700,0.0038,-0.3022,-1.2977,1.5328,-0.3049,0.1795,-0.0073,-0.0445,-0.3497,1.3127,1.5267,0.3141,0.1488,0.3252
8.9200,0.0015,-0.3030,-1.2981,1.5309,-0.3102,0.1760,-0.0069,-0.0453,-0.3528,1.3150,1.5252,0.3210,0.1515,0.3264
8.9698,0.0008,-0.3060,-1.2970,1.5275,-0.3198,0.1733,-0.0069,-0.0453,-0.3543,1.3169,1.5236,0.3310,0.1480,0.3260
9.0300,0.0000,-0.3087,-1.2966,1.5236,-0.3210,0.1703,-0.0077,-0.0453,-0.3578,1.3177,1.5229,0.3329,0.1503,0.3267
9.0800,-0.0004,-0.3106,-1.2962,1.5225,-0.3333,0.1691,-0.0081,-0.0445,-0.3593,1.3196,1.5229,0.3440,0.1492,0.3264
9.1399,-0.0004,-0.3129,-1.2966,1.5202,-0.3444,0.1638,-0.0077,-0.0449,-0.3616,1.3223,1.5217,0.3605,0.1469,0.3252
9.1901,0.0000,-0.3168,-1.2966,1.5206,-0.3451,0.1615,-0.0077,-0.0449,-0.3636,1.3250,1.5213,0.3628,0.1484,0.3264
9.2400,0.0004,-0.3183,-1.2951,1.5202,-0.3509,0.1580,-0.0073,-0.0453,-0.3662,1.3261,1.5221,0.3636,0.1473,0.3256
9.3000,0.0000,-0.3229,-1.2958,1.5202,-0.3593,0.1580,-0.0073,-0.0453,-0.3689,1.3292,1.5213,0.3747,0.1469,0.3267
9.3499,0.0008,-0.3260,-1.2958,1.5213,-0.3701,0.1568,-0.0081,-0.0437,-0.3716,1.3307,1.5225,0.3881,0.1430,0.3256
9.4107,0.0015,-0.3294,-1.2974,1.5209,-0.3881,0.1519,-0.0073,-0.0445,-0.3747,1.3349,1.5221,0.4061,0.1365,0.3260
9.4601,0.0012,-0.3329,-1.2997,1.5206,-0.3950,0.1480,-0.0069,-0.0453,-0.3793,1.3384,1.5213,0.4115,0.1315,0.3267
9.5098,0.0012,-0.3367,-1.3008,1.5202,-0.4088,0.1415,-0.0077,-0.0437,-0.3831,1.3411,1.5213,0.4276,0.1258,0.3260
9.5700,0.0012,-0.3413,-1.3054,1.5198,-0.4146,0.1358,-0.0073,-0.0449,-0.3881,1.3449,1.5221,0.4353,0.1239,0.3260
9.6202,0.0019,-0.3451,-1.3100,1.5209,-0.4307,0.1319,-0.0073,-0.0453,-0.3935,1.3488,1.5221,0.4514,0.1223,0.3260
9.6799,0.0035,-0.3513,-1.3154,1.5179,-0.4518,0.1277,-0.0073,-0.0453,-0.4004,1.3522,1.5217,0.4702,0.1212,0.3267
9.7298,0.0061,-0.3547,-1.3204,1.5160,-0.4544,0.1254,-0.0073,-0.0453,-0.4061,1.3576,1.5221,0.4728,0.1216,0.3264
9.7801,0.0088,-0.3593,-1.3250,1.5144,-0.4518,0.1250,-0.0077,-0.0456,-0.4126,1.3618,1.5225,0.4725,0.1216,0.3260
9.8399,0.0100,-0.3639,-1.3288,1.5137,-0.4667,0.1208,-0.0073,-0.0460,-0.4195,1.3675,1.5232,0.4870,0.1170,0.3260
9.8898,0.0115,-0.3670,-1.3338,1.5125,-0.4771,0.1170,-0.0073,-0.0453,-0.4245,1.3710,1.5236,0.4974,0.1112,0.3260
9.9500,0.0134,-0.3708,-1.3376,1.5125,-0.4805,0.1127,-0.0065,-0.0449,-0.4295,1.3775,1.5232,0.4982,0.1043,0.3264
10.0000,0.0161,-0.3743,-1.3415,1.5121,-0.4939,0.1108,-0.0069,-0.0460,-0.4341,1.3794,1.5255,0.5123,0.1001,0.3260
10.0600,0.0173,-0.3789,-1.3461,1.5125,-0.5012,0.1074,-0.0077,-0.0483,-0.4383,1.3840,1.5271,0.5185,0.1005,0.3256
10.1101,0.0207,-0.3839,-1.3511,1.5117,-0.5070,0.1058,-0.0065,-0.0514,-0.4433,1.3883,1.5298,0.5246,0.1009,0.3252
10.1598,0.0226,-0.3885,-1.3549,1.5121,-0.5185,0.1016,-0.0077,-0.0541,-0.4472,1.3913,1.5324,0.5369,0.1009,0.3264
10.2200,0.0242,-0.3931,-1.3603,1.5129,-0.5235,0.1009,-0.0077,-0.0598,-0.4521,1.3963,1.5344,0.5415,0.1005,0.3260
10.2700,0.0272,-0.3981,-1.3652,1.5148,-0.5396,0.0970,-0.0073,-0.0644,-0.4575,1.4001,1.5393,0.5553,0.0936,0.3260
10.3299,0.0311,-0.4038,-1.3698,1.5144,-0.5472,0.0917,-0.0069,-0.0698,-0.4613,1.4044,1.5432,0.5611,0.0882,0.3264
10.3800,0.0345,-0.4103,-1.3756,1.5171,-0.5591,0.0905,-0.0073,-0.0759,-0.4682,1.4082,1.5482,0.5768,0.0813,0.3260
10.4300,0.0372,-0.4176,-1.3806,1.5179,-0.5691,0.0863,-0.0073,-0.0805,-0.4744,1.4128,1.5520,0.5879,0.0790,0.3264
10.4900,0.0414,-0.4272,-1.3890,1.5217,-0.5906,0.0752,-0.0069,-0.0890,-0.4828,1.4197,1.5597,0.6063,0.0725,0.3252
10.5401,0.0472,-0.4368,-1.3959,1.5259,-0.6048,0.0698,-0.0069,-0.0970,-0.4928,1.4262,1.5673,0.6151,0.0698,0.3260
10.5999,0.0529,-0.4506,-1.4040,1.5317,-0.6170,0.0640,-0.0073,-0.1055,-0.5035,1.4366,1.5758,0.6289,0.0652,0.3260
10.6500,0.0610,-0.4625,-1.4128,1.5393,-0.6282,0.0617,-0.0077,-0.1158,-0.5147,1.4435,1.5861,0.6401,0.0644,0.3264
10.7000,0.0675,-0.4755,-1.4216,1.5420,-0.6328,0.0614,-0.0077,-0.1235,-0.5254,1.4523,1.5930,0.6427,0.0625,0.3252
10.7598,0.0786,-0.4901,-1.4335,1.5535,-0.6508,0.0591,-0.0073,-0.1373,-0.5392,1.4638,1.6091,0.6569,0.0591,0.3256
10.8104,0.0844,-0.5016,-1.4412,1.5589,-0.6577,0.0552,-0.0081,-0.1453,-0.5503,1.4730,1.6157,0.6615,0.0552,0.3256
10.8700,0.0951,-0.5135,-1.4542,1.5693,-0.6562,0.0495,-0.0077,-0.1557,-0.5622,1.4811,1.6245,0.6615,0.0564,0.3264
10.9199,0.1016,-0.5227,-1.4611,1.5758,-0.6611,0.0491,-0.0077,-0.1645,-0.5703,1.4880,1.6325,0.6665,0.0541,0.3264
10.9699,0.1074,-0.5323,-1.4642,1.5796,-0.6638,0.0491,-0.0077,-0.1722,-0.5756,1.4949,1.6402,0.6696,0.0548,0.3256
11.0301,0.1158,-0.5407,-1.4715,1.5904,-0.6730,0.0491,-0.0081,-0.1814,-0.5825,1.5037,1.6513,0.6765,0.0537,0.3260
11.0800,0.1223,-0.5472,-1.4749,1.5976,-0.6746,0.0499,-0.0077,-0.1887,-0.5867,1.5075,1.6605,0.6784,0.0548,0.3260
11.1405,0.1315,-0.5572,-1.4803,1.6095,-0.6796,0.0487,-0.0073,-0.1994,-0.5925,1.5129,1.6763,0.6842,0.0533,0.3260
11.1898,0.1392,-0.5634,-1.4841,1.6207,-0.6811,0.0495,-0.0073,-0.2082,-0.5971,1.5202,1.6862,0.6842,0.0533,0.3252
11.2499,0.1476,-0.5714,-1.4895,1.6325,-0.6815,0.0476,-0.0077,-0.2190,-0.6025,1.5282,1.6981,0.6861,0.0491,0.3260
11.2997,0.1557,-0.5764,-1.4922,1.6410,-0.6811,0.0502,-0.0077,-0.2263,-0.6052,1.5317,1.7066,0.6861,0.0525,0.3260
11.3504,0.1611,-0.5795,-1.4945,1.6467,-0.6826,0.0502,-0.0077,-0.2316,-0.6067,1.5351,1.7104,0.6865,0.0545,0.3260
11.4100,0.1672,-0.5829,-1.4979,1.6513,-0.6857,0.0487,-0.0069,-0.2370,-0.6090,1.5367,1.7154,0.6895,0.0518,0.3264
11.4598,0.1722,-0.5856,-1.4998,1.6571,-0.6895,0.0499,-0.0077,-0.2420,-0.6121,1.5397,1.7204,0.6918,0.0525,0.3260
11.5200,0.1779,-0.5906,-1.5018,1.6636,-0.6899,0.0491,-0.0069,-0.2477,-0.6128,1.5428,1.7257,0.6918,0.0529,0.3260
11.5700,0.1845,-0.5944,-1.5048,1.6717,-0.6914,0.0522,-0.0073,-0.2554,-0.6151,1.5459,1.7338,0.6926,0.0564,0.3264
11.6198,0.1910,-0.5979,-1.5079,1.6786,-0.6941,0.0556,-0.0077,-0.2623,-0.6193,1.5493,1.7415,0.6953,0.0579,0.3256
11.6800,0.1983,-0.6036,-1.5129,1.6858,-0.6960,0.0560,-0.0077,-0.2704,-0.6216,1.5535,1.7487,0.6972,0.0598,0.3256
11.7299,0.2079,-0.6094,-1.5156,1.6958,-0.6968,0.0606,-0.0081,-0.2796,-0.6259,1.5578,1.7572,0.6976,0.0633,0.3264
11.7898,0.2194,-0.6155,-1.5202,1.7089,-0.6983,0.0675,-0.0069,-0.2911,-0.6308,1.5635,1.7694,0.6968,0.0686,0.3264
11.8402,0.2297,-0.6216,-1.5259,1.7192,-0.6980,0.0694,-0.0077,-0.3003,-0.6335,1.5693,1.7787,0.6972,0.0721,0.3260
11.8898,0.2408,-0.6270,-1.5313,1.7315,-0.6980,0.0771,-0.0081,-0.3125,-0.6397,1.5739,1.7902,0.6980,0.0767,0.3260
11.9500,0.2508,-0.6320,-1.5340,1.7384,-0.6995,0.0775,-0.0073,-0.3214,-0.6424,1.5765,1.7955,0.6987,0.0782,0.3264
11.9999,0.2585,-0.6355,-1.5378,1.7472,-0.7018,0.0790,-0.0077,-0.3298,-0.6454,1.5796,1.8024,0.7018,0.0786,0.3252
12.0601,0.2669,-0.6401,-1.5405,1.7549,-0.7026,0.0798,-0.0069,-0.3356,-0.6477,1.5823,1.8093,0.7018,0.0813,0.3264
12.1099,0.2750,-0.6454,-1.5443,1.7637,-0.7075,0.0828,-0.0081,-0.3425,-0.6500,1.5858,1.8189,0.7045,0.0844,0.3260
12.1600,0.2838,-0.6496,-1.5489,1.7729,-0.7091,0.0897,-0.0069,-0.3517,-0.6546,1.5892,1.8285,0.7060,0.0913,0.3264
12.2199,0.2953,-0.6573,-1.5528,1.7844,-0.7129,0.0936,-0.0077,-0.3616,-0.6596,1.5946,1.8392,0.7079,0.0959,0.3256
12.2698,0.3056,-0.6631,-1.5589,1.7955,-0.7145,0.1009,-0.0073,-0.3731,-0.6654,1.5992,1.8488,0.7087,0.1024,0.3256
12.3323,0.3172,-0.6700,-1.5635,1.8055,-0.7168,0.1047,-0.0073,-0.3850,-0.6696,1.6038,1.8580,0.7106,0.1051,0.3256
12.3802,0.3294,-0.6769,-1.5689,1.8162,-0.7206,0.1116,-0.0073,-0.3977,-0.6753,1.6080,1.8684,0.7152,0.1135,0.3260
12.4400,0.3417,-0.6826,-1.5735,1.8262,-0.7260,0.1181,-0.0077,-0.4092,-0.6799,1.6137,1.8799,0.7187,0.1208,0.3260
12.4898,0.3540,-0.6903,-1.5804,1.8400,-0.7313,0.1220,-0.0073,-0.4238,-0.6845,1.6195,1.8918,0.7237,0.1281,0.3264
12.5400,0.3659,-0.6960,-1.5854,1.8484,-0.7321,0.1262,-0.0069,-0.4341,-0.6903,1.6214,1.9002,0.7244,0.1342,0.3260
12.5999,0.3800,-0.7052,-1.5927,1.8607,-0.7348,0.1331,-0.0081,-0.4479,-0.6934,1.6272,1.9106,0.7279,0.1381,0.3256
12.6499,0.3892,-0.7098,-1.5969,1.8699,-0.7367,0.1388,-0.0077,-0.4560,-0.6983,1.6325,1.9179,0.7294,0.1430,0.3256
12.7100,0.4023,-0.7152,-1.6019,1.8795,-0.7413,0.1469,-0.0077,-0.4686,-0.7018,1.6383,1.9286,0.7340,0.1549,0.3256
12.7599,0.4142,-0.7202,-1.6088,1.8918,-0.7440,0.1584,-0.0073,-0.4824,-0.7052,1.6410,1.9393,0.7348,0.1676,0.3252
12.8100,0.4253,-0.7256,-1.6134,1.9002,-0.7444,0.1653,-0.0077,-0.4928,-0.7087,1.6440,1.9493,0.7352,0.1756,0.3256
12.8699,0.4433,-0.7309,-1.6222,1.9163,-0.7459,0.1810,-0.0073,-0.5093,-0.7141,1.6502,1.9635,0.7359,0.1910,0.3256
12.9200,0.4548,-0.7344,-1.6249,1.9267,-0.7470,0.1852,-0.0073,-0.5189,-0.7171,1.6521,1.9727,0.7371,0.1956,0.3256
12.9799,0.4713,-0.7413,-1.6318,1.9401,-0.7501,0.1967,-0.0077,-0.5354,-0.7210,1.6555,1.9846,0.7401,0.2109,0.3252
13.0300,0.4832,-0.7413,-1.6360,1.9497,-0.7501,0.2048,-0.0073,-0.5449,-0.7252,1.6575,1.9934,0.7413,0.2178,0.3260
13.0800,0.4943,-0.7451,-1.6398,1.9597,-0.7509,0.2117,-0.0073,-0.5553,-0.7263,1.6609,2.0015,0.7409,0.2270,0.3252
13.1409,0.5116,-0.7467,-1.6463,1.9742,-0.7532,0.2309,-0.0073,-0.5710,-0.7290,1.6648,2.0141,0.7421,0.2462,0.3271
13.1900,0.5265,-0.7509,-1.6498,1.9857,-0.7540,0.2439,-0.0069,-0.5818,-0.7279,1.6663,2.0237,0.7432,0.2604,0.3252
13.2498,0.5469,-0.7574,-1.6559,2.0026,-0.7528,0.2658,-0.0073,-0.5990,-0.7298,1.6678,2.0398,0.7440,0.2819,0.3260
13.3000,0.5603,-0.7620,-1.6594,2.0153,-0.7532,0.2723,-0.0073,-0.6105,-0.7302,1.6690,2.0490,0.7447,0.2869,0.3256
13.3500,0.5741,-0.7635,-1.6655,2.0249,-0.7532,0.2788,-0.0077,-0.6228,-0.7309,1.6717,2.0582,0.7444,0.2964,0.3256
13.4099,0.5913,-0.7612,-1.6717,2.0379,-0.7536,0.3033,-0.0077,-0.6381,-0.7309,1.6717,2.0690,0.7436,0.3221,0.3256
13.4601,0.6044,-0.7612,-1.6732,2.0521,-0.7532,0.3214,-0.0077,-0.6485,-0.7306,1.6720,2.0782,0.7428,0.3371,0.3256
13.5200,0.6251,-0.7612,-1.6759,2.0674,-0.7532,0.3371,-0.0077,-0.6650,-0.7306,1.6751,2.0900,0.7428,0.3555,0.3260
13.5702,0.6378,-0.7601,-1.6805,2.0762,-0.7505,0.3425,-0.0077,-0.6753,-0.7309,1.6759,2.0958,0.7409,0.3632,0.3256
13.6300,0.6554,-0.7601,-1.6839,2.0877,-0.7421,0.3632,-0.0077,-0.6891,-0.7309,1.6759,2.1054,0.7271,0.3827,0.3256
13.6799,0.6654,-0.7605,-1.6855,2.0985,-0.7401,0.3731,-0.0073,-0.6957,-0.7306,1.6743,2.1134,0.7244,0.3896,0.3256
13.7300,0.6788,-0.7605,-1.6881,2.1119,-0.7375,0.3743,-0.0073,-0.7072,-0.7294,1.6763,2.1238,0.7229,0.3915,0.3260
13.7899,0.6899,-0.7589,-1.6901,2.1188,-0.7309,0.3900,-0.0069,-0.7164,-0.7302,1.6766,2.1295,0.7129,0.4050,0.3256
13.8400,0.6980,-0.7589,-1.6908,2.1249,-0.7286,0.3954,-0.0073,-0.7233,-0.7290,1.6763,2.1357,0.7114,0.4096,0.3252
13.9000,0.7060,-0.7586,-1.6904,2.1307,-0.7191,0.4019,-0.0077,-0.7294,-0.7294,1.6774,2.1411,0.6995,0.4180,0.3260
13.9499,0.7156,-0.7582,-1.6931,2.1395,-0.7003,0.4184,-0.0077,-0.7363,-0.7290,1.6774,2.1476,0.6769,0.4318,0.3256
14.0000,0.7229,-0.7570,-1.6935,2.1483,-0.6941,0.4280,-0.0073,-0.7421,-0.7290,1.6770,2.1552,0.6715,0.4380,0.3252
14.0602,0.7336,-0.7570,-1.6962,2.1549,-0.6822,0.4383,-0.0065,-0.7517,-0.7290,1.6778,2.1633,0.6585,0.4468,0.3252
14.1101,0.7413,-0.7563,-1.6962,2.1621,-0.6730,0.4437,-0.0077,-0.7578,-0.7279,1.6778,2.1690,0.6485,0.4510,0.3256
14.1699,0.7501,-0.7543,-1.6954,2.1713,-0.6516,0.4506,-0.0073,-0.7635,-0.7283,1.6782,2.1763,0.6266,0.4556,0.3256
14.2200,0.7570,-0.7543,-1.6950,2.1771,-0.6397,0.4556,-0.0077,-0.7685,-0.7271,1.6766,2.1832,0.6128,0.4587,0.3260
14.2700,0.7632,-0.7543,-1.6966,2.1821,-0.6320,0.4594,-0.0073,-0.7731,-0.7271,1.6770,2.1901,0.6052,0.4613,0.3252
14.3303,0.7704,-0.7524,-1.6958,2.1890,-0.6182,0.4694,-0.0073,-0.7793,-0.7256,1.6774,2.1963,0.5887,0.4698,0.3252
14.3800,0.7770,-0.7528,-1.6977,2.1955,-0.6052,0.4713,-0.0077,-0.7831,-0.7233,1.6759,2.2016,0.5795,0.4725,0.3256
14.4400,0.7823,-0.7501,-1.6985,2.2024,-0.5829,0.4794,-0.0069,-0.7873,-0.7183,1.6751,2.2082,0.5538,0.4759,0.3256
14.4899,0.7869,-0.7493,-1.6973,2.2078,-0.5733,0.4798,-0.0077,-0.7912,-0.7160,1.6736,2.2139,0.5453,0.4794,0.3256
14.5398,0.7915,-0.7451,-1.6977,2.2124,-0.5534,0.4855,-0.0073,-0.7938,-0.7114,1.6709,2.2197,0.5216,0.4817,0.3256
14.5999,0.7965,-0.7413,-1.6977,2.2201,-0.5311,0.4897,-0.0081,-0.7973,-0.7033,1.6671,2.2270,0.4989,0.4844,0.3260
14.6500,0.8015,-0.7378,-1.6970,2.2258,-0.5292,0.4909,-0.0073,-0.8011,-0.6976,1.6598,2.2331,0.4982,0.4859,0.3256
14.7100,0.8057,-0.7332,-1.6962,2.2319,-0.5292,0.4920,-0.0073,-0.8050,-0.6911,1.6540,2.2392,0.4978,0.4882,0.3264
14.7603,0.8099,-0.7302,-1.6966,2.2354,-0.5181,0.4924,-0.0073,-0.8069,-0.6872,1.6525,2.2423,0.4878,0.4870,0.3264
14.8200,0.8111,-0.7294,-1.6947,2.2369,-0.4974,0.4916,-0.0073,-0.8073,-0.6838,1.6490,2.2442,0.4629,0.4859,0.3260
14.8702,0.8103,-0.7275,-1.6947,2.2400,-0.4821,0.4901,-0.0073,-0.8073,-0.6796,1.6463,2.2473,0.4495,0.4828,0.3252
14.9198,0.8119,-0.7233,-1.6939,2.2427,-0.4552,0.4893,-0.0073,-0.8065,-0.6742,1.6440,2.2511,0.4211,0.4782,0.3256
14.9798,0.8119,-0.7179,-1.6924,2.2492,-0.4326,0.4905,-0.0077,-0.8073,-0.6661,1.6394,2.2573,0.3946,0.4778,0.3264
15.0301,0.8130,-0.7145,-1.6885,2.2534,-0.4291,0.4897,-0.0077,-0.8073,-0.6611,1.6337,2.2626,0.3919,0.4767,0.3256
15.0900,0.8142,-0.7091,-1.6866,2.2573,-0.4130,0.4859,-0.0069,-0.8076,-0.6523,1.6299,2.2653,0.3774,0.4728,0.3256
15.1399,0.8138,-0.7026,-1.6855,2.2615,-0.3942,0.4828,-0.0077,-0.8073,-0.6447,1.6279,2.2688,0.3555,0.4705,0.3256
15.1898,0.8134,-0.6983,-1.6820,2.2661,-0.3793,0.4813,-0.0073,-0.8069,-0.6366,1.6226,2.2726,0.3421,0.4698,0.3260
15.2498,0.8134,-0.6922,-1.6766,2.2711,-0.3793,0.4794,-0.0069,-0.8069,-0.6285,1.6160,2.2776,0.3413,0.4675,0.3260
15.3000,0.8134,-0.6872,-1.6740,2.2745,-0.3781,0.4805,-0.0073,-0.8065,-0.6209,1.6118,2.2806,0.3413,0.4675,0.3256
15.3601,0.8138,-0.6811,-1.6709,2.2772,-0.3624,0.4790,-0.0077,-0.8065,-0.6151,1.6080,2.2841,0.3248,0.4659,0.3256
15.4102,0.8142,-0.6780,-1.6682,2.2803,-0.3471,0.4771,-0.0073,-0.8053,-0.6113,1.6061,2.2852,0.3099,0.4656,0.3260
15.4600,0.8134,-0.6738,-1.6655,2.2841,-0.3451,0.4752,-0.0077,-0.8053,-0.6071,1.6003,2.2875,0.3079,0.4656,0.3260
15.5200,0.8130,-0.6680,-1.6609,2.2872,-0.3260,0.4721,-0.0081,-0.8034,-0.5994,1.5980,2.2906,0.2907,0.4633,0.3256
15.5700,0.8122,-0.6611,-1.6594,2.2914,-0.3014,0.4690,-0.0073,-0.8019,-0.5917,1.5957,2.2925,0.2623,0.4587,0.3252
15.6300,0.8126,-0.6504,-1.6548,2.2960,-0.2700,0.4659,-0.0077,-0.8011,-0.5802,1.5904,2.2975,0.2309,0.4567,0.3252
15.6798,0.8122,-0.6378,-1.6498,2.3025,-0.2458,0.4625,-0.0073,-0.7996,-0.5660,1.5823,2.3021,0.2082,0.4548,0.3260
15.7300,0.8119,-0.6255,-1.6429,2.3075,-0.2374,0.4610,-0.0077,-0.7992,-0.5545,1.5731,2.3071,0.2040,0.4544,0.3256
15.7898,0.8126,-0.6105,-1.6375,2.3129,-0.2186,0.4552,-0.0081,-0.7984,-0.5388,1.5666,2.3113,0.1822,0.4498,0.3260
15.8398,0.8122,-0.5998,-1.6306,2.3167,-0.2086,0.4529,-0.0073,-0.7977,-0.5285,1.5608,2.3148,0.1722,0.4483,0.3260
15.8999,0.8122,-0.5871,-1.6233,2.3213,-0.2033,0.4510,-0.0077,-0.7977,-0.5170,1.5547,2.3190,0.1699,0.4452,0.3260
15.9500,0.8119,-0.5787,-1.6191,2.3255,-0.1833,0.4468,-0.0073,-0.7969,-0.5081,1.5516,2.3209,0.1480,0.4422,0.3256
16.0100,0.8119,-0.5672,-1.6114,2.3297,-0.1730,0.4464,-0.0073,-0.7965,-0.4985,1.5447,2.3247,0.1388,0.4406,0.3252
16.0598,0.8119,-0.5599,-1.6065,2.3328,-0.1726,0.4441,-0.0073,-0.7973,-0.4916,1.5393,2.3267,0.1388,0.4395,0.3256
16.1099,0.8119,-0.5526,-1.6003,2.3355,-0.1722,0.4410,-0.0073,-0.7961,-0.4851,1.5347,2.3293,0.1388,0.4391,0.3256
16.1700,0.8107,-0.5480,-1.5953,2.3370,-0.1680,0.4410,-0.0081,-0.7961,-0.4824,1.5309,2.3293,0.1350,0.4387,0.3256
16.2200,0.8103,-0.5430,-1.5946,2.3393,-0.1465,0.4318,-0.0081,-0.7965,-0.4790,1.5294,2.3328,0.1127,0.4330,0.3264
16.2799,0.8088,-0.5357,-1.5881,2.3428,-0.1346,0.4287,-0.0073,-0.7950,-0.4698,1.5255,2.3340,0.0989,0.4287,0.3264
16.3298,0.8076,-0.5281,-1.5842,2.3458,-0.1338,0.4264,-0.0073,-0.7938,-0.4656,1.5213,2.3359,0.0974,0.4276,0.3256
16.3799,0.8073,-0.5231,-1.5812,2.3466,-0.1346,0.4253,-0.0077,-0.7938,-0.4598,1.5190,2.3366,0.0982,0.4272,0.3256
16.4405,0.8080,-0.5196,-1.5762,2.3485,-0.1350,0.4245,-0.0077,-0.7931,-0.4564,1.5148,2.3370,0.0986,0.4276,0.3264
16.4898,0.8084,-0.5177,-1.5750,2.3485,-0.1342,0.4245,-0.0077,-0.7935,-0.4567,1.5148,2.3374,0.0978,0.4280,0.3260
16.5500,0.8073,-0.5185,-1.5735,2.3497,-0.1327,0.4245,-0.0084,-0.7931,-0.4575,1.5148,2.3382,0.0986,0.4280,0.3256
16.5999,0.8065,-0.5170,-1.5746,2.3501,-0.1312,0.4211,-0.0073,-0.7938,-0.4556,1.5156,2.3393,0.0970,0.4245,0.3260
16.6500,0.8053,-0.5158,-1.5731,2.3512,-0.1300,0.4199,-0.0073,-0.7931,-0.4560,1.5133,2.3393,0.0959,0.4226,0.3256
16.7100,0.8046,-0.5116,-1.5708,2.3527,-0.1212,0.4142,-0.0077,-0.7931,-0.4533,1.5114,2.3397,0.0890,0.4184,0.3264
16.7598,0.8038,-0.5074,-1.5666,2.3535,-0.1116,0.4103,-0.0077,-0.7927,-0.4518,1.5106,2.3405,0.0782,0.4153,0.3260
16.8198,0.8019,-0.5024,-1.5608,2.3562,-0.1062,0.4088,-0.0081,-0.7931,-0.4483,1.5068,2.3424,0.0759,0.4142,0.3260
16.8700,0.8004,-0.4970,-1.5589,2.3581,-0.1066,0.4092,-0.0081,-0.7919,-0.4452,1.5052,2.3428,0.0759,0.4146,0.3256
16.9198,0.7996,-0.4932,-1.5555,2.3600,-0.1012,0.4042,-0.0077,-0.7919,-0.4418,1.5022,2.3439,0.0694,0.4123,0.3252
16.9800,0.7992,-0.4870,-1.5524,2.3612,-0.0905,0.4015,-0.0081,-0.7912,-0.4383,1.4983,2.3447,0.0614,0.4100,0.3260
17.0298,0.7992,-0.4805,-1.5482,2.3635,-0.0763,0.3958,-0.0073,-0.7900,-0.4333,1.4964,2.3458,0.0433,0.4057,0.3260
17.0897,0.7969,-0.4732,-1.5432,2.3650,-0.0717,0.3927,-0.0077,-0.7892,-0.4261,1.4933,2.3470,0.0387,0.4019,0.3264
17.1400,0.7965,-0.4652,-1.5374,2.3673,-0.0709,0.3919,-0.0077,-0.7877,-0.4218,1.4895,2.3478,0.0383,0.4000,0.3256
17.1999,0.7961,-0.4575,-1.5340,2.3677,-0.0548,0.3892,-0.0073,-0.7873,-0.4165,1.4849,2.3489,0.0291,0.4000,0.3260
17.2501,0.7946,-0.4514,-1.5294,2.3696,-0.0418,0.3885,-0.0077,-0.7873,-0.4107,1.4837,2.3497,0.0119,0.3992,0.3256
17.2999,0.7954,-0.4414,-1.5255,2.3715,-0.0230,0.3827,-0.0077,-0.7877,-0.4050,1.4795,2.3527,-0.0107,0.3935,0.3260
17.3600,0.7942,-0.4295,-1.5183,2.3735,-0.0104,0.3812,-0.0077,-0.7869,-0.3942,1.4742,2.3539,-0.0211,0.3908,0.3264
17.4099,0.7935,-0.4211,-1.5114,2.3738,-0.0031,0.3789,-0.0081,-0.7873,-0.3877,1.4692,2.3543,-0.0238,0.3892,0.3256
17.4698,0.7923,-0.4073,-1.5056,2.3758,0.0203,0.3716,-0.0081,-0.7858,-0.3785,1.4650,2.3547,-0.0403,0.3846,0.3256
17.5199,0.7912,-0.3969,-1.4979,2.3761,0.0249,0.3693,-0.0077,-0.7865,-0.3701,1.4592,2.3543,-0.0648,0.3831,0.3264
17.5709,0.7904,-0.3877,-1.4891,2.3750,0.0334,0.3685,-0.0077,-0.7865,-0.3651,1.4511,2.3573,-0.0679,0.3758,0.3256
17.6298,0.7892,-0.3731,-1.4814,2.3761,0.0606,0.3613,-0.0077,-0.7865,-0.3540,1.4462,2.3600,-0.0851,0.3735,0.3256
17.6798,0.7888,-0.3636,-1.4726,2.3792,0.0706,0.3578,-0.0081,-0.7869,-0.3463,1.4393,2.3619,-0.0905,0.3716,0.3256
17.7403,0.7885,-0.3513,-1.4630,2.3827,0.0660,0.3578,-0.0077,-0.7865,-0.3386,1.4324,2.3639,-0.0924,0.3705,0.3248
17.7898,0.7896,-0.3428,-1.4592,2.3830,0.0667,0.3582,-0.0077,-0.7873,-0.3336,1.4278,2.3639,-0.0909,0.3697,0.3260
17.8398,0.7896,-0.3405,-1.4550,2.3846,0.0656,0.3578,-0.0077,-0.7881,-0.3321,1.4258,2.3642,-0.0917,0.3697,0.3256
17.8998,0.7892,-0.3409,-1.4519,2.3853,0.0656,0.3574,-0.0073,-0.7885,-0.3310,1.4247,2.3650,-0.0917,0.3708,0.3256
17.9499,0.7885,-0.3405,-1.4500,2.3842,0.0656,0.3578,-0.0077,-0.7881,-0.3317,1.4243,2.3650,-0.0913,0.3697,0.3260
18.0099,0.7881,-0.3405,-1.4511,2.3842,0.0656,0.3574,-0.0077,-0.7888,-0.3321,1.4247,2.3654,-0.0917,0.3693,0.3260
18.0599,0.7892,-0.3405,-1.4500,2.3857,0.0694,0.3555,-0.0073,-0.7888,-0.3310,1.4232,2.3654,-0.0932,0.3693,0.3248
18.1099,0.7892,-0.3394,-1.4488,2.3857,0.0802,0.3536,-0.0077,-0.7877,-0.3298,1.4220,2.3658,-0.1062,0.3697,0.3252
18.1699,0.7881,-0.3359,-1.4477,2.3865,0.1051,0.3528,-0.0077,-0.7888,-0.3264,1.4220,2.3669,-0.1319,0.3697,0.3252
18.2198,0.7881,-0.3333,-1.4439,2.3876,0.1012,0.3524,-0.0081,-0.7892,-0.3248,1.4182,2.3669,-0.1292,0.3689,0.3260
18.2799,0.7888,-0.3310,-1.4412,2.3880,0.0989,0.3524,-0.0077,-0.7888,-0.3214,1.4159,2.3677,-0.1277,0.3689,0.3252
18.3300,0.7885,-0.3298,-1.4404,2.3888,0.0989,0.3513,-0.0077,-0.7892,-0.3218,1.4155,2.3673,-0.1273,0.3685,0.3260
18.3823,0.7877,-0.3267,-1.4373,2.3888,0.1039,0.3478,-0.0081,-0.7892,-0.3195,1.4132,2.3673,-0.1285,0.3662,0.3252
18.4399,0.7865,-0.3218,-1.4335,2.3896,0.1120,0.3451,-0.0077,-0.7892,-0.3164,1.4097,2.3688,-0.1331,0.3632,0.3260
18.4899,0.7869,-0.3175,-1.4297,2.3892,0.1185,0.3436,-0.0081,-0.7892,-0.3145,1.4093,2.3692,-0.1392,0.3620,0.3260
18.5499,0.7862,-0.3122,-1.4270,2.3896,0.1204,0.3436,-0.0073,-0.7892,-0.3133,1.4070,2.3700,-0.1411,0.3628,0.3256
18.5999,0.7858,-0.3102,-1.4251,2.3899,0.1204,0.3440,-0.0081,-0.7896,-0.3125,1.4067,2.3704,-0.1415,0.3628,0.3256
18.6598,0.7850,-0.3095,-1.4235,2.3899,0.1197,0.3440,-0.0077,-0.7900,-0.3125,1.4059,2.3708,-0.1415,0.3624,0.3256
18.7099,0.7858,-0.3091,-1.4228,2.3896,0.1197,0.3444,-0.0077,-0.7908,-0.3125,1.4067,2.3704,-0.1415,0.3628,0.3252
18.7597,0.7854,-0.3099,-1.4235,2.3892,0.1185,0.3440,-0.0081,-0.7908,-0.3122,1.4047,2.3708,-0.1404,0.3624,0.3252
18.8199,0.7850,-0.3095,-1.4224,2.3892,0.1139,0.3444,-0.0081,-0.7900,-0.3122,1.4047,2.3696,-0.1407,0.3616,0.3256
18.8699,0.7850,-0.3095,-1.4228,2.3903,0.1162,0.3421,-0.0077,-0.7904,-0.3118,1.4044,2.3708,-0.1461,0.3597,0.3252
18.9297,0.7854,-0.3056,-1.4189,2.3899,0.1308,0.3386,-0.0081,-0.7896,-0.3095,1.4009,2.3712,-0.1519,0.3570,0.3252
18.9801,0.7846,-0.3037,-1.4143,2.3899,0.1354,0.3379,-0.0084,-0.7900,-0.3091,1.3978,2.3715,-0.1522,0.3555,0.3260
19.0299,0.7827,-0.3014,-1.4116,2.3899,0.1342,0.3375,-0.0077,-0.7892,-0.3076,1.3955,2.3715,-0.1522,0.3555,0.3260
19.0898,0.7835,-0.2980,-1.4086,2.3907,0.1342,0.3375,-0.0081,-0.7908,-0.3076,1.3955,2.3712,-0.1519,0.3555,0.3260
19.1398,0.7823,-0.2968,-1.4070,2.3903,0.1338,0.3375,-0.0077,-0.7912,-0.3076,1.3936,2.3723,-0.1526,0.3563,0.3256
19.1998,0.7827,-0.2976,-1.4067,2.3899,0.1342,0.3371,-0.0073,-0.7912,-0.3072,1.3944,2.3719,-0.1519,0.3559,0.3256
19.2498,0.7816,-0.2972,-1.4055,2.3907,0.1335,0.3375,-0.0081,-0.7919,-0.3068,1.3932,2.3719,-0.1526,0.3555,0.3264
19.3000,0.7831,-0.2968,-1.4067,2.3903,0.1346,0.3367,-0.0077,-0.7915,-0.3068,1.3929,2.3719,-0.1522,0.3551,0.3248
19.3600,0.7812,-0.2953,-1.4055,2.3919,0.1415,0.3340,-0.0073,-0.7912,-0.3060,1.3925,2.3723,-0.1630,0.3520,0.3256
19.4099,0.7812,-0.2938,-1.4021,2.3915,0.1488,0.3317,-0.0081,-0.7912,-0.3053,1.3902,2.3731,-0.1730,0.3486,0.3256
19.4698,0.7800,-0.2903,-1.3994,2.3907,0.1515,0.3306,-0.0077,-0.7912,-0.3033,1.3883,2.3715,-0.1749,0.3497,0.3267
19.5198,0.7796,-0.2869,-1.3959,2.3911,0.1507,0.3313,-0.0081,-0.7908,-0.3026,1.3867,2.3719,-0.1753,0.3501,0.3256
19.5706,0.7800,-0.2857,-1.3955,2.3911,0.1507,0.3313,-0.0073,-0.7908,-0.3018,1.3848,2.3727,-0.1749,0.3490,0.3252
19.6300,0.7796,-0.2838,-1.3940,2.3903,0.1649,0.3302,-0.0077,-0.7919,-0.3014,1.3837,2.3723,-0.1868,0.3497,0.3256
19.6800,0.7804,-0.2807,-1.3909,2.3903,0.1818,0.3287,-0.0084,-0.7904,-0.2980,1.3817,2.3727,-0.2010,0.3478,0.3256
19.7401,0.7785,-0.2750,-1.3867,2.3903,0.1864,0.3271,-0.0081,-0.7912,-0.2934,1.3775,2.3719,-0.2063,0.3467,0.3260
19.7898,0.7785,-0.2719,-1.3833,2.3903,0.1856,0.3271,-0.0084,-0.7908,-0.2884,1.3760,2.3723,-0.2059,0.3451,0.3252
19.8505,0.7789,-0.2681,-1.3806,2.3896,0.1864,0.3267,-0.0084,-0.7915,-0.2838,1.3725,2.3719,-0.2063,0.3444,0.3256
19.8997,0.7785,-0.2658,-1.3794,2.3896,0.2033,0.3256,-0.0081,-0.7908,-0.2819,1.3710,2.3719,-0.2247,0.3436,0.3256
19.9498,0.7781,-0.2623,-1.3760,2.3903,0.2178,0.3260,-0.0081,-0.7912,-0.2788,1.3675,2.3723,-0.2374,0.3428,0.3256
20.0100,0.7777,-0.2566,-1.3718,2.3896,0.2217,0.3256,-0.0081,-0.7912,-0.2746,1.3645,2.3719,-0.2401,0.3428,0.3264
20.0620,0.7781,-0.2535,-1.3687,2.3896,0.2209,0.3260,-0.0081,-0.7915,-0.2707,1.3618,2.3719,-0.2393,0.3417,0.3256
20.1199,0.7789,-0.2516,-1.3664,2.3888,0.2301,0.3252,-0.0077,-0.7912,-0.2677,1.3595,2.3719,-0.2489,0.3425,0.3260
20.1699,0.7777,-0.2493,-1.3645,2.3899,0.2477,0.3260,-0.0084,-0.7919,-0.2646,1.3580,2.3719,-0.2688,0.3402,0.3256
20.2203,0.7781,-0.2466,-1.3629,2.3899,0.2562,0.3252,-0.0081,-0.7912,-0.2608,1.3564,2.3731,-0.2765,0.3382,0.3256
20.2800,0.7781,-0.2435,-1.3603,2.3899,0.2677,0.3244,-0.0077,-0.7912,-0.2543,1.3530,2.3727,-0.2876,0.3390,0.3252
20.3303,0.7781,-0.2420,-1.3580,2.3892,0.2811,0.3241,-0.0084,-0.7912,-0.2504,1.3499,2.3731,-0.3014,0.3386,0.3252
20.3899,0.7773,-0.2378,-1.3553,2.3899,0.2865,0.3237,-0.0081,-0.7915,-0.2447,1.3461,2.3727,-0.3053,0.3375,0.3256
20.4405,0.7785,-0.2358,-1.3530,2.3903,0.2861,0.3248,-0.0081,-0.7912,-0.2401,1.3442,2.3735,-0.3053,0.3379,0.3252
20.4900,0.7793,-0.2343,-1.3503,2.3896,0.2907,0.3241,-0.0084,-0.7923,-0.2370,1.3422,2.3731,-0.3087,0.3382,0.3264
20.5499,0.7785,-0.2332,-1.3495,2.3892,0.3079,0.3244,-0.0084,-0.7915,-0.2328,1.3399,2.3738,-0.3256,0.3379,0.3256
20.6001,0.7804,-0.2293,-1.3484,2.3899,0.3183,0.3237,-0.0081,-0.7927,-0.2312,1.3376,2.3738,-0.3356,0.3386,0.3260
20.6598,0.7808,-0.2278,-1.3461,2.3907,0.3359,0.3248,-0.0081,-0.7935,-0.2266,1.3353,2.3738,-0.3555,0.3379,0.3260
20.7100,0.7800,-0.2270,-1.3430,2.3907,0.3421,0.3233,-0.0081,-0.7938,-0.2217,1.3319,2.3750,-0.3597,0.3375,0.3252
20.7599,0.7816,-0.2232,-1.3415,2.3915,0.3543,0.3260,-0.0084,-0.7961,-0.2171,1.3284,2.3750,-0.3747,0.3386,0.3252
20.8200,0.7835,-0.2205,-1.3384,2.3926,0.3735,0.3267,-0.0081,-0.7965,-0.2117,1.3238,2.3758,-0.3935,0.3379,0.3248
20.8699,0.7850,-0.2159,-1.3346,2.3934,0.3900,0.3290,-0.0084,-0.7984,-0.2048,1.3200,2.3773,-0.4103,0.3405,0.3256
20.9298,0.7888,-0.2125,-1.3307,2.3942,0.3954,0.3294,-0.0077,-0.8000,-0.1994,1.3139,2.3769,-0.4119,0.3425,0.3260
20.9798,0.7904,-0.2086,-1.3269,2.3965,0.3954,0.3298,-0.0081,-0.8019,-0.1948,1.3089,2.3792,-0.4149,0.3417,0.3248
21.0400,0.7938,-0.2063,-1.3231,2.3976,0.3954,0.3336,-0.0084,-0.8050,-0.1898,1.3035,2.3796,-0.4146,0.3425,0.3252
21.0898,0.7958,-0.2056,-1.3208,2.3995,0.3954,0.3344,-0.0077,-0.8069,-0.1875,1.3000,2.3811,-0.4161,0.3421,0.3256
21.1402,0.7988,-0.2052,-1.3188,2.4003,0.3954,0.3344,-0.0081,-0.8076,-0.1871,1.2977,2.3815,-0.4157,0.3432,0.3256
21.2000,0.8000,-0.2056,-1.3188,2.4011,0.3965,0.3348,-0.0073,-0.8080,-0.1875,1.2966,2.3815,-0.4165,0.3436,0.3252
21.2500,0.8000,-0.2052,-1.3177,2.4018,0.3969,0.3352,-0.0081,-0.8080,-0.1868,1.2962,2.3819,-0.4161,0.3440,0.3256
21.3100,0.8011,-0.2052,-1.3169,2.4018,0.4004,0.3348,-0.0084,-0.8073,-0.1868,1.2954,2.3823,-0.4188,0.3440,0.3260
21.3600,0.8007,-0.2052,-1.3177,2.4022,0.4188,0.3356,-0.0081,-0.8092,-0.1856,1.2951,2.3815,-0.4395,0.3451,0.3256
21.4101,0.8011,-0.2052,-1.3154,2.4022,0.4287,0.3363,-0.0084,-0.8084,-0.1860,1.2935,2.3823,-0.4491,0.3451,0.3256
21.4698,0.8015,-0.2052,-1.3131,2.4026,0.4284,0.3363,-0.0077,-0.8088,-0.1837,1.2905,2.3830,-0.4491,0.3459,0.3252
21.5198,0.8019,-0.2052,-1.3116,2.4045,0.4287,0.3363,-0.0084,-0.8088,-0.1841,1.2897,2.3834,-0.4491,0.3474,0.3260
21.5798,0.8030,-0.2052,-1.3104,2.4041,0.4284,0.3363,-0.0081,-0.8092,-0.1837,1.2885,2.3834,-0.4487,0.3474,0.3260
21.6300,0.8034,-0.2048,-1.3104,2.4037,0.4333,0.3382,-0.0077,-0.8092,-0.1837,1.2878,2.3834,-0.4514,0.3471,0.3260
21.6801,0.8050,-0.2040,-1.3093,2.4045,0.4395,0.3405,-0.0077,-0.8099,-0.1825,1.2866,2.3838,-0.4598,0.3494,0.3256
21.7401,0.8046,-0.2052,-1.3085,2.4053,0.4426,0.3405,-0.0081,-0.8099,-0.1822,1.2847,2.3830,-0.4621,0.3501,0.3260
21.7900,0.8061,-0.2059,-1.3073,2.4053,0.4426,0.3428,-0.0084,-0.8119,-0.1802,1.2839,2.3850,-0.4625,0.3509,0.3252
21.8500,0.8065,-0.2052,-1.3062,2.4057,0.4426,0.3428,-0.0081,-0.8119,-0.1802,1.2828,2.3850,-0.4625,0.3505,0.3256
21.8999,0.8076,-0.2048,-1.3050,2.4053,0.4437,0.3432,-0.0081,-0.8126,-0.1802,1.2820,2.3861,-0.4629,0.3509,0.3260
21.9498,0.8080,-0.2048,-1.3054,2.4049,0.4456,0.3436,-0.0084,-0.8134,-0.1802,1.2820,2.3857,-0.4633,0.3509,0.3260
22.0101,0.8096,-0.2052,-1.3047,2.4068,0.4510,0.3440,-0.0081,-0.8138,-0.1799,1.2809,2.3865,-0.4694,0.3501,0.3260
22.0599,0.8088,-0.2048,-1.3043,2.4072,0.4621,0.3440,-0.0077,-0.8134,-0.1799,1.2797,2.3869,-0.4809,0.3509,0.3256
22.1200,0.8096,-0.2052,-1.3020,2.4072,0.4652,0.3440,-0.0084,-0.8138,-0.1787,1.2786,2.3869,-0.4840,0.3513,0.3260
22.1699,0.8096,-0.2044,-1.3016,2.4091,0.4713,0.3451,-0.0077,-0.8145,-0.1779,1.2763,2.3869,-0.4901,0.3524,0.3256
22.2298,0.8115,-0.2044,-1.2989,2.4095,0.4847,0.3463,-0.0081,-0.8145,-0.1764,1.2755,2.3873,-0.5043,0.3532,0.3256
22.2800,0.8119,-0.2036,-1.2966,2.4107,0.4870,0.3463,-0.0081,-0.8153,-0.1745,1.2724,2.3884,-0.5077,0.3540,0.3252
22.3299,0.8138,-0.2036,-1.2939,2.4130,0.4939,0.3482,-0.0088,-0.8157,-0.1730,1.2713,2.3896,-0.5131,0.3540,0.3260
22.3898,0.8165,-0.2025,-1.2928,2.4145,0.5162,0.3482,-0.0081,-0.8168,-0.1703,1.2690,2.3911,-0.5342,0.3555,0.3260
22.4400,0.8176,-0.2002,-1.2893,2.4141,0.5227,0.3494,-0.0077,-0.8180,-0.1687,1.2652,2.3915,-0.5396,0.3574,0.3252
22.4998,0.8203,-0.1967,-1.2859,2.4164,0.5342,0.3524,-0.0081,-0.8191,-0.1672,1.2625,2.3930,-0.5511,0.3582,0.3267
22.5498,0.8218,-0.1940,-1.2824,2.4179,0.5438,0.3551,-0.0081,-0.8199,-0.1649,1.2586,2.3942,-0.5607,0.3586,0.3256
22.5997,0.8253,-0.1921,-1.2774,2.4199,0.5449,0.3547,-0.0077,-0.8218,-0.1634,1.2556,2.3945,-0.5603,0.3620,0.3264
22.6602,0.8280,-0.1906,-1.2721,2.4222,0.5495,0.3582,-0.0081,-0.8234,-0.1626,1.2506,2.3953,-0.5649,0.3624,0.3264
22.7102,0.8299,-0.1879,-1.2705,2.4218,0.5653,0.3620,-0.0084,-0.8241,-0.1603,1.2487,2.3976,-0.5821,0.3639,0.3260
22.7699,0.8333,-0.1856,-1.2655,2.4237,0.5818,0.3636,-0.0073,-0.8253,-0.1592,1.2437,2.3972,-0.5986,0.3685,0.3267
22.8198,0.8349,-0.1833,-1.2605,2.4256,0.5921,0.3682,-0.0077,-0.8253,-0.1595,1.2398,2.3984,-0.6082,0.3705,0.3260
22.8699,0.8368,-0.1822,-1.2548,2.4271,0.5940,0.3739,-0.0081,-0.8272,-0.1576,1.2337,2.3995,-0.6094,0.3743,0.3264
22.9298,0.8399,-0.1802,-1.2475,2.4291,0.5952,0.3820,-0.0081,-0.8287,-0.1572,1.2264,2.4003,-0.6113,0.3823,0.3264
22.9808,0.8425,-0.1802,-1.2395,2.4306,0.5979,0.3877,-0.0073,-0.8287,-0.1580,1.2191,2.4018,-0.6136,0.3950,0.3256
23.0399,0.8464,-0.1818,-1.2310,2.4306,0.6044,0.3965,-0.0077,-0.8299,-0.1592,1.2053,2.4045,-0.6213,0.4115,0.3256
23.0899,0.8494,-0.1810,-1.2237,2.4337,0.6174,0.4077,-0.0077,-0.8291,-0.1599,1.1911,2.4083,-0.6389,0.4280,0.3260
23.1406,0.8510,-0.1833,-1.2138,2.4340,0.6167,0.4215,-0.0077,-0.8307,-0.1611,1.1773,2.4130,-0.6397,0.4533,0.3264
23.1997,0.8540,-0.1841,-1.2026,2.4371,0.6167,0.4326,-0.0077,-0.8330,-0.1645,1.1666,2.4206,-0.6389,0.4579,0.3260
23.2500,0.8563,-0.1845,-1.1961,2.4390,0.6209,0.4468,-0.0077,-0.8349,-0.1653,1.1612,2.4214,-0.6393,0.4590,0.3252
23.3110,0.8583,-0.1848,-1.1881,2.4448,0.6362,0.4521,-0.0081,-0.8368,-0.1668,1.1566,2.4210,-0.6504,0.4564,0.3260
23.3601,0.8583,-0.1856,-1.1835,2.4463,0.6416,0.4525,-0.0077,-0.8379,-0.1664,1.1536,2.4199,-0.6558,0.4548,0.3264
23.4200,0.8583,-0.1852,-1.1812,2.4471,0.6416,0.4502,-0.0077,-0.8387,-0.1661,1.1501,2.4183,-0.6565,0.4514,0.3264
23.4704,0.8579,-0.1833,-1.1792,2.4482,0.6496,0.4502,-0.0077,-0.8387,-0.1661,1.1497,2.4179,-0.6631,0.4498,0.3260
23.5198,0.8586,-0.1822,-1.1785,2.4467,0.6565,0.4506,-0.0077,-0.8387,-0.1653,1.1482,2.4160,-0.6727,0.4506,0.3260
23.5801,0.8579,-0.1822,-1.1762,2.4459,0.6608,0.4495,-0.0077,-0.8379,-0.1649,1.1463,2.4137,-0.6746,0.4514,0.3260
23.6301,0.8583,-0.1791,-1.1727,2.4444,0.6753,0.4491,-0.0073,-0.8383,-0.1634,1.1451,2.4122,-0.6907,0.4502,0.3260
23.6901,0.8567,-0.1756,-1.1693,2.4421,0.6865,0.4506,-0.0077,-0.8379,-0.1611,1.1409,2.4068,-0.7003,0.4510,0.3260
23.7400,0.8567,-0.1722,-1.1677,2.4394,0.6914,0.4495,-0.0073,-0.8372,-0.1584,1.1378,2.4034,-0.7026,0.4502,0.3264
23.7902,0.8552,-0.1684,-1.1651,2.4375,0.7041,0.4498,-0.0073,-0.8356,-0.1549,1.1367,2.4003,-0.7175,0.4510,0.3260
23.8498,0.8556,-0.1634,-1.1608,2.4337,0.7114,0.4510,-0.0081,-0.8345,-0.1519,1.1325,2.3949,-0.7225,0.4510,0.3264
23.9000,0.8533,-0.1572,-1.1585,2.4310,0.7160,0.4514,-0.0077,-0.8307,-0.1480,1.1309,2.3903,-0.7256,0.4510,0.3264
23.9598,0.8521,-0.1522,-1.1551,2.4287,0.7267,0.4518,-0.0081,-0.8276,-0.1438,1.1279,2.3857,-0.7355,0.4514,0.3264
24.0098,0.8498,-0.1488,-1.1505,2.4260,0.7309,0.4521,-0.0073,-0.8237,-0.1415,1.1240,2.3823,-0.7386,0.4510,0.3264
24.0600,0.8479,-0.1450,-1.1490,2.4206,0.7467,0.4533,-0.0081,-0.8211,-0.1381,1.1213,2.3796,-0.7559,0.4529,0.3256
24.1198,0.8452,-0.1404,-1.1451,2.4168,0.7578,0.4564,-0.0069,-0.8161,-0.1327,1.1156,2.3735,-0.7666,0.4525,0.3256
24.1699,0.8445,-0.1354,-1.1409,2.4122,0.7578,0.4590,-0.0077,-0.8119,-0.1292,1.1137,2.3681,-0.7666,0.4556,0.3267
24.2300,0.8414,-0.1296,-1.1371,2.4076,0.7708,0.4617,-0.0084,-0.8065,-0.1227,1.1098,2.3627,-0.7754,0.4556,0.3260
24.2800,0.8402,-0.1273,-1.1328,2.4034,0.7770,0.4629,-0.0077,-0.8034,-0.1208,1.1056,2.3585,-0.7839,0.4564,0.3260
24.3300,0.8379,-0.1239,-1.1298,2.3995,0.7873,0.4652,-0.0073,-0.7996,-0.1177,1.1033,2.3543,-0.7927,0.4590,0.3264
24.3900,0.8356,-0.1197,-1.1252,2.3953,0.7961,0.4686,-0.0077,-0.7950,-0.1139,1.0987,2.3481,-0.8023,0.4617,0.3260
24.4399,0.8333,-0.1162,-1.1206,2.3919,0.8011,0.4725,-0.0081,-0.7915,-0.1112,1.0964,2.3432,-0.8053,0.4636,0.3260
24.4997,0.8318,-0.1116,-1.1194,2.3865,0.8119,0.4782,-0.0073,-0.7877,-0.1066,1.0926,2.3378,-0.8145,0.4625,0.3260
24.5500,0.8299,-0.1089,-1.1160,2.3830,0.8149,0.4821,-0.0077,-0.7842,-0.1039,1.0907,2.3340,-0.8188,0.4652,0.3260
24.6106,0.8264,-0.1024,-1.1137,2.3765,0.8310,0.4844,-0.0073,-0.7785,-0.0986,1.0872,2.3278,-0.8353,0.4698,0.3267
24.6599,0.8237,-0.0986,-1.1098,2.3715,0.8437,0.4886,-0.0077,-0.7743,-0.0943,1.0822,2.3205,-0.8456,0.4728,0.3260
24.7100,0.8188,-0.0920,-1.1025,2.3616,0.8659,0.4970,-0.0077,-0.7678,-0.0871,1.0746,2.3102,-0.8629,0.4813,0.3264
24.7702,0.8119,-0.0863,-1.0937,2.3504,0.8736,0.5031,-0.0077,-0.7582,-0.0817,1.0646,2.2971,-0.8713,0.4832,0.3267
24.8199,0.8076,-0.0840,-1.0880,2.3447,0.8790,0.5051,-0.0077,-0.7497,-0.0771,1.0584,2.2895,-0.8740,0.4844,0.3264
24.8798,0.7969,-0.0767,-1.0776,2.3309,0.8997,0.5089,-0.0073,-0.7375,-0.0686,1.0496,2.2753,-0.8951,0.4836,0.3256
24.9300,0.7900,-0.0725,-1.0688,2.3209,0.9104,0.5108,-0.0073,-0.7283,-0.0637,1.0393,2.2626,-0.9062,0.4840,0.3260
24.9800,0.7804,-0.0679,-1.0604,2.3098,0.9212,0.5100,-0.0081,-0.7160,-0.0591,1.0308,2.2523,-0.9146,0.4874,0.3264
25.0401,0.7658,-0.0648,-1.0477,2.2952,0.9350,0.5074,-0.0077,-0.6987,-0.0495,1.0193,2.2358,-0.9288,0.4897,0.3271
25.0900,0.7551,-0.0602,-1.0366,2.2833,0.9468,0.5139,-0.0077,-0.6857,-0.0430,1.0067,2.2231,-0.9376,0.4928,0.3260
25.1499,0.7378,-0.0575,-1.0209,2.2672,0.9568,0.5170,-0.0081,-0.6642,-0.0376,0.9921,2.2047,-0.9507,0.4909,0.3264
25.2000,0.7267,-0.0552,-1.0120,2.2584,0.9603,0.5265,-0.0084,-0.6504,-0.0314,0.9821,2.1932,-0.9526,0.4916,0.3264
25.2506,0.7145,-0.0522,-0.9994,2.2484,0.9653,0.5235,-0.0077,-0.6355,-0.0280,0.9722,2.1836,-0.9561,0.4897,0.3260
25.3099,0.6980,-0.0514,-0.9860,2.2377,0.9722,0.5154,-0.0077,-0.6178,-0.0238,0.9587,2.1698,-0.9637,0.4890,0.3260
25.3599,0.6888,-0.0502,-0.9771,2.2289,0.9760,0.5173,-0.0081,-0.6052,-0.0203,0.9515,2.1610,-0.9679,0.4893,0.3260
25.4202,0.6734,-0.0487,-0.9660,2.2162,0.9814,0.5123,-0.0073,-0.5902,-0.0153,0.9422,2.1483,-0.9748,0.4882,0.3260
25.4699,0.6654,-0.0483,-0.9599,2.2085,0.9863,0.5100,-0.0081,-0.5795,-0.0111,0.9350,2.1384,-0.9787,0.4844,0.3267
25.5200,0.6550,-0.0468,-0.9515,2.1990,0.9860,0.5035,-0.0077,-0.5680,-0.0077,0.9284,2.1292,-0.9783,0.4821,0.3264
25.5800,0.6439,-0.0449,-0.9461,2.1878,0.9910,0.5016,-0.0084,-0.5545,-0.0019,0.9219,2.1184,-0.9833,0.4801,0.3256
25.6300,0.6358,-0.0418,-0.9426,2.1806,0.9929,0.4993,-0.0081,-0.5476,0.0031,0.9181,2.1111,-0.9871,0.4778,0.3260
25.6900,0.6285,-0.0368,-0.9399,2.1706,0.9940,0.5008,-0.0077,-0.5403,0.0077,0.9162,2.1019,-0.9879,0.4778,0.3256
25.7399,0.6232,-0.0288,-0.9392,2.1583,0.9956,0.5100,-0.0073,-0.5361,0.0165,0.9166,2.0904,-0.9883,0.4786,0.3264
25.8002,0.6144,-0.0173,-0.9365,2.1422,0.9982,0.4924,-0.0077,-0.5323,0.0276,0.9162,2.0759,-0.9910,0.4721,0.3264
25.8500,0.6075,-0.0073,-0.9361,2.1303,1.0013,0.4840,-0.0077,-0.5277,0.0360,0.9162,2.0644,-0.9940,0.4663,0.3252
25.8997,0.5983,0.0000,-0.9342,2.1169,1.0028,0.4828,-0.0077,-0.5223,0.0445,0.9158,2.0521,-0.9986,0.4686,0.3256
25.9598,0.5879,0.0081,-0.9319,2.1023,1.0044,0.4821,-0.0073,-0.5158,0.0506,0.9123,2.0417,-0.9994,0.4625,0.3267
26.0101,0.5791,0.0153,-0.9311,2.0900,1.0051,0.4824,-0.0084,-0.5100,0.0591,0.9123,2.0302,-0.9998,0.4613,0.3256
26.0698,0.5710,0.0215,-0.9304,2.0854,1.0074,0.4805,-0.0081,-0.5028,0.0648,0.9123,2.0206,-1.0005,0.4514,0.3260
26.1208,0.5637,0.0245,-0.9288,2.0808,1.0074,0.4809,-0.0073,-0.4978,0.0671,0.9116,2.0183,-1.0005,0.4514,0.3264
26.1700,0.5611,0.0261,-0.9292,2.0782,1.0074,0.4782,-0.0077,-0.4947,0.0686,0.9123,2.0176,-1.0009,0.4571,0.3260
26.2299,0.5595,0.0253,-0.9292,2.0759,1.0074,0.4790,-0.0081,-0.4943,0.0683,0.9120,2.0183,-1.0005,0.4671,0.3267
26.2798,0.5611,0.0253,-0.9284,2.0762,1.0078,0.4786,-0.0077,-0.4939,0.0679,0.9116,2.0187,-1.0013,0.4667,0.3264
26.3401,0.5630,0.0257,-0.9292,2.0762,1.0074,0.4809,-0.0073,-0.4939,0.0686,0.9116,2.0180,-1.0009,0.4640,0.3256
26.3898,0.5645,0.0261,-0.9281,2.0762,1.0078,0.4809,-0.0077,-0.4943,0.0679,0.9116,2.0176,-1.0005,0.4636,0.3260
26.4406,0.5660,0.0253,-0.9292,2.0759,1.0067,0.4786,-0.0073,-0.4947,0.0683,0.9116,2.0176,-1.0005,0.4640,0.3264
26.4999,0.5676,0.0261,-0.9296,2.0762,1.0071,0.4794,-0.0073,-0.4955,0.0686,0.9120,2.0187,-1.0005,0.4648,0.3260
26.5498,0.5683,0.0257,-0.9284,2.0759,1.0071,0.4801,-0.0077,-0.4947,0.0690,0.9120,2.0191,-1.0005,0.4640,0.3267
26.6101,0.5687,0.0257,-0.9292,2.0782,1.0055,0.4805,-0.0081,-0.4947,0.0679,0.9123,2.0199,-1.0009,0.4640,0.3260
26.6598,0.5691,0.0261,-0.9284,2.0789,1.0063,0.4801,-0.0073,-0.4966,0.0686,0.9112,2.0210,-1.0005,0.4640,0.3260
26.7099,0.5699,0.0268,-0.9284,2.0778,1.0067,0.4798,-0.0081,-0.4974,0.0683,0.9123,2.0214,-1.0009,0.4640,0.3264
26.7699,0.5710,0.0257,-0.9284,2.0782,1.0067,0.4794,-0.0081,-0.4978,0.0679,0.9120,2.0226,-1.0002,0.4640,0.3264
26.8198,0.5714,0.0257,-0.9288,2.0789,1.0055,0.4805,-0.0069,-0.4997,0.0683,0.9123,2.0245,-1.0009,0.4648,0.3264
26.8798,0.5726,0.0253,-0.9288,2.0801,1.0051,0.4798,-0.0073,-0.5012,0.0686,0.9123,2.0260,-1.0005,0.4648,0.3256
26.9312,0.5733,0.0257,-0.9288,2.0816,1.0059,0.4798,-0.0077,-0.5031,0.0679,0.9139,2.0279,-1.0005,0.4640,0.3256
26.9898,0.5745,0.0249,-0.9300,2.0824,1.0059,0.4821,-0.0077,-0.5043,0.0675,0.9146,2.0291,-1.0005,0.4644,0.3260
