time,left_s0,left_s1,left_e0,left_e1,left_w0,left_w1,left_w2,right_s0,right_s1,right_e0,right_e1,right_w0,right_w1,right_w2
0.0000,0.1983,-0.2849,-1.3783,1.7288,-0.1411,0.1074,-0.0073,-0.1668,-0.2880,1.3672,1.7215,0.1453,0.1066,0.3260
0.0599,0.1971,-0.2945,-1.3733,1.7365,-0.1419,0.1097,-0.0077,-0.1657,-0.2968,1.3614,1.7303,0.1457,0.1024,0.3260
0.1198,0.1956,-0.3049,-1.3683,1.7438,-0.1411,0.1108,-0.0081,-0.1641,-0.3037,1.3557,1.7368,0.1450,0.1051,0.3252
0.1899,0.1933,-0.3156,-1.3622,1.7537,-0.1419,0.1147,-0.0073,-0.1638,-0.3125,1.3503,1.7464,0.1450,0.1147,0.3264
0.2500,0.1914,-0.3187,-1.3595,1.7587,-0.1407,0.1154,-0.0073,-0.1641,-0.3160,1.3480,1.7537,0.1450,0.1223,0.3256
0.3201,0.1910,-0.3248,-1.3572,1.7648,-0.1411,0.1135,-0.0073,-0.1638,-0.3187,1.3434,1.7599,0.1450,0.1193,0.3256
0.3800,0.1902,-0.3275,-1.3545,1.7694,-0.1415,0.1150,-0.0077,-0.1641,-0.3218,1.3403,1.7664,0.1453,0.1093,0.3260
0.4400,0.1906,-0.3317,-1.3526,1.7744,-0.1407,0.1127,-0.0077,-0.1645,-0.3237,1.3376,1.7706,0.1453,0.1070,0.3252
0.5099,0.1898,-0.3356,-1.3503,1.7798,-0.1415,0.1139,-0.0077,-0.1653,-0.3275,1.3342,1.7775,0.1453,0.1093,0.3260
0.5700,0.1910,-0.3409,-1.3484,1.7833,-0.1407,0.1158,-0.0069,-0.1676,-0.3302,1.3342,1.7836,0.1446,0.1101,0.3256
0.6399,0.1898,-0.3444,-1.3472,1.7882,-0.1415,0.1158,-0.0069,-0.1703,-0.3317,1.3334,1.7894,0.1453,0.1116,0.3260
0.7000,0.1898,-0.3471,-1.3468,1.7928,-0.1423,0.1131,-0.0073,-0.1737,-0.3340,1.3323,1.7944,0.1450,0.1127,0.3252
0.7600,0.1906,-0.3490,-1.3453,1.7971,-0.1423,0.1139,-0.0073,-0.1779,-0.3356,1.3319,1.8005,0.1453,0.1127,0.3256
0.8300,0.1925,-0.3524,-1.3442,1.8047,-0.1430,0.1158,-0.0073,-0.1848,-0.3382,1.3315,1.8089,0.1453,0.1135,0.3260
0.8903,0.1944,-0.3547,-1.3426,1.8101,-0.1434,0.1162,-0.0073,-0.1898,-0.3390,1.3323,1.8155,0.1453,0.1124,0.3260
0.9601,0.1983,-0.3605,-1.3411,1.8193,-0.1476,0.1170,-0.0077,-0.1975,-0.3405,1.3319,1.8235,0.1446,0.1124,0.3252
1.0200,0.2013,-0.3616,-1.3411,1.8254,-0.1488,0.1158,-0.0073,-0.2033,-0.3421,1.3323,1.8308,0.1453,0.1131,0.3260
1.0799,0.2067,-0.3662,-1.3403,1.8346,-0.1511,0.1150,-0.0081,-0.2105,-0.3440,1.3323,1.8408,0.1465,0.1104,0.3260
1.1501,0.2132,-0.3705,-1.3392,1.8465,-0.1526,0.1170,-0.0077,-0.2205,-0.3467,1.3319,1.8538,0.1465,0.1143,0.3256
1.2104,0.2205,-0.3743,-1.3392,1.8580,-0.1561,0.1166,-0.0077,-0.2305,-0.3482,1.3323,1.8661,0.1488,0.1131,0.3256
1.2800,0.2289,-0.3777,-1.3392,1.8695,-0.1576,0.1162,-0.0077,-0.2405,-0.3509,1.3323,1.8780,0.1492,0.1147,0.3260
1.3399,0.2366,-0.3797,-1.3399,1.8795,-0.1622,0.1154,-0.0073,-0.2504,-0.3524,1.3330,1.8891,0.1534,0.1124,0.3264
1.4100,0.2474,-0.3846,-1.3395,1.8914,-0.1645,0.1162,-0.0077,-0.2615,-0.3547,1.3330,1.9018,0.1542,0.1139,0.3256
1.4711,0.2554,-0.3885,-1.3395,1.9033,-0.1695,0.1162,-0.0073,-0.2730,-0.3559,1.3353,1.9148,0.1603,0.1120,0.3256
1.5301,0.2650,-0.3896,-1.3399,1.9129,-0.1710,0.1158,-0.0073,-0.2826,-0.3586,1.3369,1.9259,0.1626,0.1154,0.3264
1.6000,0.2761,-0.3942,-1.3407,1.9271,-0.1710,0.1189,-0.0077,-0.2972,-0.3601,1.3403,1.9390,0.1626,0.1154,0.3260
1.6598,0.2857,-0.3950,-1.3411,1.9382,-0.1718,0.1131,-0.0073,-0.3076,-0.3609,1.3445,1.9501,0.1622,0.1116,0.3256
1.7300,0.2949,-0.3969,-1.3411,1.9485,-0.1722,0.1120,-0.0073,-0.3179,-0.3628,1.3484,1.9600,0.1638,0.1127,0.3260
1.7901,0.3041,-0.3981,-1.3418,1.9566,-0.1726,0.1112,-0.0073,-0.3287,-0.3636,1.3507,1.9685,0.1668,0.1158,0.3256
1.8501,0.3102,-0.3981,-1.3411,1.9654,-0.1726,0.1120,-0.0081,-0.3367,-0.3639,1.3526,1.9762,0.1676,0.1131,0.3256
1.9198,0.3218,-0.3992,-1.3430,1.9777,-0.1714,0.1120,-0.0077,-0.3459,-0.3643,1.3557,1.9846,0.1664,0.1131,0.3256
1.9799,0.3294,-0.3988,-1.3422,1.9880,-0.1703,0.1116,-0.0069,-0.3528,-0.3643,1.3583,1.9923,0.1668,0.1120,0.3264
2.0498,0.3440,-0.3985,-1.3442,2.0045,-0.1545,0.1120,-0.0077,-0.3647,-0.3643,1.3614,2.0049,0.1557,0.1131,0.3275
2.1101,0.3559,-0.3973,-1.3426,2.0172,-0.1496,0.1131,-0.0073,-0.3735,-0.3655,1.3610,2.0126,0.1492,0.1173,0.3275
2.1700,0.3701,-0.3973,-1.3438,2.0295,-0.1369,0.1150,-0.0073,-0.3850,-0.3643,1.3622,2.0218,0.1373,0.1250,0.3260
2.2399,0.3866,-0.3885,-1.3438,2.0436,-0.1223,0.1204,-0.0073,-0.3950,-0.3613,1.3626,2.0283,0.1231,0.1361,0.3264
2.3000,0.4000,-0.3804,-1.3434,2.0555,-0.1227,0.1204,-0.0073,-0.4031,-0.3563,1.3626,2.0371,0.1239,0.1296,0.3271
2.3701,0.4134,-0.3697,-1.3453,2.0605,-0.1173,0.1235,-0.0073,-0.4115,-0.3517,1.3606,2.0383,0.1177,0.1453,0.3260
2.4303,0.4215,-0.3651,-1.3449,2.0628,-0.1097,0.1250,-0.0077,-0.4169,-0.3471,1.3610,2.0410,0.1112,0.1365,0.3264
2.4999,0.4287,-0.3536,-1.3468,2.0617,-0.0840,0.1304,-0.0073,-0.4180,-0.3390,1.3595,2.0341,0.0878,0.1446,0.3264
2.5597,0.4322,-0.3428,-1.3468,2.0594,-0.0798,0.1319,-0.0084,-0.4169,-0.3298,1.3560,2.0260,0.0805,0.1480,0.3260
2.6200,0.4326,-0.3375,-1.3461,2.0567,-0.0786,0.1342,-0.0065,-0.4119,-0.3214,1.3511,2.0164,0.0794,0.1480,0.3260
2.6898,0.4314,-0.3344,-1.3468,2.0544,-0.0790,0.1384,-0.0073,-0.4038,-0.3141,1.3457,2.0057,0.0790,0.1476,0.3260
2.7498,0.4287,-0.3306,-1.3461,2.0490,-0.0782,0.1438,-0.0069,-0.3958,-0.3095,1.3430,1.9957,0.0786,0.1492,0.3267
2.8200,0.4261,-0.3256,-1.3465,2.0459,-0.0775,0.1446,-0.0073,-0.3835,-0.3041,1.3399,1.9873,0.0763,0.1400,0.3264
2.8800,0.4241,-0.3233,-1.3465,2.0429,-0.0748,0.1469,-0.0077,-0.3747,-0.3026,1.3376,1.9796,0.0759,0.1423,0.3260
2.9399,0.4211,-0.3214,-1.3445,2.0352,-0.0740,0.1450,-0.0081,-0.3655,-0.3010,1.3380,1.9719,0.0759,0.1473,0.3264
3.0100,0.4142,-0.3198,-1.3411,2.0264,-0.0740,0.1461,-0.0073,-0.3567,-0.2999,1.3369,1.9623,0.0767,0.1484,0.3260
3.0700,0.4015,-0.3183,-1.3369,2.0122,-0.0821,0.1542,-0.0081,-0.3451,-0.2980,1.3357,1.9493,0.0794,0.1476,0.3271
3.1401,0.3816,-0.3191,-1.3307,1.9919,-0.0932,0.1473,-0.0077,-0.3306,-0.2984,1.3342,1.9305,0.0874,0.1373,0.3256
3.1999,0.3582,-0.3175,-1.3250,1.9773,-0.0951,0.1319,-0.0077,-0.3145,-0.2976,1.3338,1.9163,0.0909,0.1208,0.3271
3.2598,0.3363,-0.3179,-1.3181,1.9597,-0.1074,0.1350,-0.0081,-0.2987,-0.2995,1.3307,1.9021,0.1120,0.1204,0.3271
3.3300,0.3079,-0.3218,-1.3131,1.9363,-0.1262,0.1338,-0.0077,-0.2819,-0.3022,1.3311,1.8883,0.1281,0.1216,0.3264
3.3899,0.2849,-0.3229,-1.3116,1.9171,-0.1361,0.1258,-0.0077,-0.2654,-0.3064,1.3300,1.8772,0.1342,0.1223,0.3271
3.4597,0.2612,-0.3237,-1.3135,1.8933,-0.1423,0.1235,-0.0077,-0.2493,-0.3091,1.3311,1.8676,0.1388,0.1193,0.3264
3.5200,0.2443,-0.3290,-1.3127,1.8803,-0.1430,0.1254,-0.0073,-0.2351,-0.3168,1.3288,1.8569,0.1415,0.1273,0.3264
3.5898,0.2259,-0.3390,-1.3139,1.8626,-0.1488,0.1296,-0.0084,-0.2201,-0.3248,1.3300,1.8500,0.1457,0.1220,0.3267
3.6500,0.2132,-0.3428,-1.3173,1.8492,-0.1526,0.1258,-0.0081,-0.2090,-0.3298,1.3311,1.8438,0.1488,0.1200,0.3267
3.7099,0.2013,-0.3494,-1.3181,1.8316,-0.1580,0.1365,-0.0077,-0.1990,-0.3348,1.3300,1.8316,0.1526,0.1361,0.3271
3.7799,0.1891,-0.3505,-1.3223,1.8105,-0.1588,0.1289,-0.0081,-0.1894,-0.3367,1.3307,1.8216,0.1545,0.1269,0.3256
3.8399,0.1779,-0.3513,-1.3257,1.7932,-0.1592,0.1285,-0.0081,-0.1818,-0.3386,1.3307,1.8082,0.1542,0.1323,0.3260
3.9100,0.1661,-0.3532,-1.3280,1.7767,-0.1607,0.1273,-0.0081,-0.1753,-0.3382,1.3292,1.7963,0.1557,0.1304,0.3264
3.9700,0.1568,-0.3524,-1.3315,1.7652,-0.1607,0.1346,-0.0081,-0.1710,-0.3394,1.3300,1.7859,0.1565,0.1327,0.3260
4.0301,0.1499,-0.3517,-1.3334,1.7553,-0.1622,0.1381,-0.0081,-0.1684,-0.3390,1.3292,1.7779,0.1557,0.1384,0.3260
4.1000,0.1427,-0.3494,-1.3357,1.7426,-0.1622,0.1469,-0.0081,-0.1649,-0.3394,1.3292,1.7668,0.1557,0.1488,0.3260
4.1599,0.1377,-0.3478,-1.3372,1.7338,-0.1626,0.1519,-0.0077,-0.1618,-0.3405,1.3292,1.7564,0.1572,0.1530,0.3264
4.2299,0.1323,-0.3467,-1.3384,1.7234,-0.1622,0.1503,-0.0081,-0.1549,-0.3394,1.3292,1.7449,0.1568,0.1469,0.3271
4.2902,0.1273,-0.3467,-1.3388,1.7169,-0.1626,0.1499,-0.0077,-0.1496,-0.3405,1.3296,1.7388,0.1580,0.1423,0.3264
4.3500,0.1258,-0.3448,-1.3392,1.7146,-0.1634,0.1519,-0.0084,-0.1453,-0.3421,1.3296,1.7338,0.1580,0.1469,0.3264
4.4200,0.1250,-0.3428,-1.3403,1.7123,-0.1638,0.1553,-0.0077,-0.1415,-0.3417,1.3292,1.7307,0.1599,0.1634,0.3256
4.4798,0.1235,-0.3409,-1.3415,1.7100,-0.1645,0.1522,-0.0077,-0.1388,-0.3421,1.3292,1.7284,0.1611,0.1626,0.3260
4.5498,0.1250,-0.3382,-1.3415,1.7066,-0.1653,0.1572,-0.0077,-0.1358,-0.3417,1.3296,1.7246,0.1607,0.1622,0.3264
4.6099,0.1246,-0.3386,-1.3411,1.7058,-0.1668,0.1615,-0.0081,-0.1335,-0.3428,1.3292,1.7219,0.1618,0.1611,0.3264
4.6699,0.1250,-0.3371,-1.3415,1.7054,-0.1668,0.1615,-0.0084,-0.1323,-0.3421,1.3288,1.7207,0.1622,0.1618,0.3267
4.7398,0.1246,-0.3359,-1.3422,1.7043,-0.1657,0.1618,-0.0073,-0.1327,-0.3428,1.3292,1.7207,0.1634,0.1618,0.3264
4.7999,0.1246,-0.3367,-1.3415,1.7043,-0.1684,0.1645,-0.0081,-0.1323,-0.3421,1.3288,1.7184,0.1649,0.1634,0.3271
4.8699,0.1231,-0.3352,-1.3415,1.7023,-0.1718,0.1626,-0.0073,-0.1308,-0.3421,1.3288,1.7146,0.1687,0.1626,0.3267
4.9298,0.1220,-0.3352,-1.3415,1.6993,-0.1730,0.1630,-0.0081,-0.1300,-0.3421,1.3288,1.7100,0.1707,0.1634,0.3260
4.9999,0.1212,-0.3344,-1.3407,1.7000,-0.1733,0.1661,-0.0077,-0.1289,-0.3421,1.3288,1.7066,0.1714,0.1611,0.3256
5.0600,0.1208,-0.3333,-1.3415,1.6977,-0.1737,0.1695,-0.0081,-0.1285,-0.3425,1.3284,1.7054,0.1714,0.1641,0.3271
5.1198,0.1189,-0.3321,-1.3415,1.6950,-0.1733,0.1710,-0.0077,-0.1266,-0.3421,1.3288,1.7008,0.1730,0.1649,0.3267
5.1899,0.1166,-0.3275,-1.3411,1.6916,-0.1741,0.1714,-0.0081,-0.1227,-0.3425,1.3284,1.6943,0.1756,0.1703,0.3267
5.2499,0.1150,-0.3283,-1.3411,1.6901,-0.1745,0.1722,-0.0077,-0.1204,-0.3421,1.3284,1.6893,0.1764,0.1733,0.3260
5.3197,0.1131,-0.3260,-1.3411,1.6881,-0.1760,0.1737,-0.0077,-0.1189,-0.3413,1.3284,1.6878,0.1768,0.1718,0.3260
5.3803,0.1127,-0.3264,-1.3407,1.6878,-0.1776,0.1768,-0.0077,-0.1177,-0.3417,1.3288,1.6870,0.1772,0.1733,0.3264
5.4397,0.1108,-0.3252,-1.3395,1.6835,-0.1795,0.1806,-0.0077,-0.1150,-0.3413,1.3265,1.6812,0.1814,0.1756,0.3264
5.5100,0.1097,-0.3229,-1.3399,1.6789,-0.1818,0.1860,-0.0077,-0.1120,-0.3402,1.3238,1.6736,0.1825,0.1806,0.3264
5.5700,0.1058,-0.3229,-1.3380,1.6759,-0.1814,0.1845,-0.0077,-0.1081,-0.3394,1.3215,1.6686,0.1837,0.1799,0.3260
5.6400,0.1032,-0.3214,-1.3346,1.6717,-0.1887,0.1925,-0.0077,-0.1051,-0.3386,1.3200,1.6628,0.1906,0.1864,0.3264
5.6998,0.1016,-0.3206,-1.3330,1.6659,-0.1948,0.1967,-0.0081,-0.1016,-0.3382,1.3177,1.6548,0.1994,0.1894,0.3264
5.7597,0.0970,-0.3198,-1.3292,1.6605,-0.1960,0.2021,-0.0073,-0.0970,-0.3371,1.3162,1.6456,0.2006,0.1937,0.3271
5.8300,0.0932,-0.3198,-1.3242,1.6563,-0.1998,0.2013,-0.0077,-0.0917,-0.3359,1.3131,1.6379,0.2071,0.1868,0.3260
5.8900,0.0905,-0.3191,-1.3208,1.6529,-0.2048,0.2017,-0.0077,-0.0890,-0.3348,1.3108,1.6310,0.2109,0.1902,0.3267
5.9600,0.0863,-0.3195,-1.3173,1.6490,-0.2155,0.2029,-0.0077,-0.0855,-0.3344,1.3089,1.6256,0.2213,0.1948,0.3267
6.0218,0.0848,-0.3183,-1.3146,1.6475,-0.2163,0.2040,-0.0077,-0.0836,-0.3344,1.3073,1.6218,0.2243,0.1998,0.3264
6.0898,0.0832,-0.3183,-1.3100,1.6444,-0.2155,0.2056,-0.0081,-0.0809,-0.3344,1.3066,1.6176,0.2247,0.1929,0.3264
6.1498,0.0817,-0.3172,-1.3081,1.6433,-0.2163,0.2067,-0.0077,-0.0790,-0.3333,1.3066,1.6153,0.2251,0.1914,0.3264
6.2100,0.0798,-0.3187,-1.3054,1.6437,-0.2163,0.2067,-0.0077,-0.0767,-0.3333,1.3062,1.6122,0.2236,0.1963,0.3264
6.2798,0.0802,-0.3179,-1.3047,1.6440,-0.2167,0.2067,-0.0069,-0.0767,-0.3336,1.3054,1.6130,0.2243,0.2048,0.3264
6.3402,0.0794,-0.3160,-1.3047,1.6433,-0.2167,0.2075,-0.0077,-0.0771,-0.3333,1.3047,1.6134,0.2243,0.2098,0.3264
6.4100,0.0802,-0.3164,-1.3047,1.6429,-0.2163,0.2075,-0.0077,-0.0771,-0.3329,1.3035,1.6141,0.2243,0.2029,0.3264
6.4699,0.0802,-0.3175,-1.3050,1.6433,-0.2159,0.2071,-0.0077,-0.0767,-0.3329,1.3043,1.6126,0.2243,0.1975,0.3264
6.5300,0.0802,-0.3179,-1.3043,1.6429,-0.2186,0.2086,-0.0077,-0.0763,-0.3329,1.3050,1.6130,0.2278,0.1960,0.3260
6.6000,0.0794,-0.3179,-1.3043,1.6406,-0.2263,0.2102,-0.0077,-0.0759,-0.3333,1.3043,1.6107,0.2378,0.2010,0.3264
6.6599,0.0790,-0.3187,-1.3023,1.6391,-0.2358,0.2113,-0.0081,-0.0752,-0.3333,1.3023,1.6057,0.2489,0.2052,0.3267
6.7299,0.0782,-0.3179,-1.3023,1.6368,-0.2416,0.2140,-0.0081,-0.0744,-0.3336,1.3023,1.6019,0.2535,0.1963,0.3267
6.7898,0.0771,-0.3168,-1.3012,1.6341,-0.2412,0.2132,-0.0077,-0.0736,-0.3340,1.3020,1.5973,0.2539,0.2056,0.3260
6.8498,0.0759,-0.3183,-1.3000,1.6322,-0.2408,0.2128,-0.0069,-0.0736,-0.3340,1.3020,1.5965,0.2543,0.2113,0.3264
6.9199,0.0771,-0.3183,-1.2985,1.6314,-0.2412,0.2140,-0.0077,-0.0732,-0.3352,1.3020,1.5957,0.2546,0.2113,0.3267
6.9800,0.0775,-0.3195,-1.2974,1.6318,-0.2527,0.2132,-0.0081,-0.0725,-0.3352,1.3004,1.5961,0.2665,0.2105,0.3260
7.0499,0.0755,-0.3206,-1.2974,1.6314,-0.2600,0.2132,-0.0073,-0.0717,-0.3379,1.3008,1.5961,0.2738,0.2033,0.3264
7.1115,0.0748,-0.3221,-1.2970,1.6318,-0.2600,0.2125,-0.0077,-0.0713,-0.3405,1.3000,1.5957,0.2742,0.2013,0.3264
7.1798,0.0755,-0.3237,-1.2970,1.6310,-0.2600,0.2125,-0.0081,-0.0709,-0.3436,1.3004,1.5961,0.2738,0.2021,0.3264
7.2399,0.0748,-0.3244,-1.2966,1.6318,-0.2600,0.2125,-0.0077,-0.0713,-0.3444,1.3012,1.5957,0.2734,0.2025,0.3260
7.3000,0.0744,-0.3241,-1.2962,1.6318,-0.2600,0.2132,-0.0081,-0.0706,-0.3448,1.3000,1.5961,0.2746,0.2021,0.3260
7.3699,0.0736,-0.3252,-1.2958,1.6314,-0.2688,0.2128,-0.0081,-0.0706,-0.3459,1.3004,1.5965,0.2826,0.2025,0.3264
7.4302,0.0759,-0.3275,-1.2954,1.6314,-0.2715,0.2128,-0.0081,-0.0698,-0.3471,1.3008,1.5965,0.2857,0.2006,0.3260
7.4998,0.0740,-0.3321,-1.2947,1.6318,-0.2711,0.2125,-0.0073,-0.0702,-0.3494,1.3012,1.5965,0.2880,0.2021,0.3260
7.5598,0.0748,-0.3352,-1.2958,1.6314,-0.2704,0.2121,-0.0073,-0.0706,-0.3517,1.3000,1.5973,0.2876,0.2010,0.3271
7.6198,0.0752,-0.3375,-1.2954,1.6318,-0.2711,0.2125,-0.0081,-0.0698,-0.3520,1.2997,1.5969,0.2880,0.2006,0.3267
7.6900,0.0748,-0.3394,-1.2954,1.6322,-0.2761,0.2121,-0.0081,-0.0698,-0.3528,1.3000,1.5969,0.2915,0.2010,0.3260
7.7499,0.0752,-0.3425,-1.2943,1.6329,-0.2861,0.2117,-0.0081,-0.0698,-0.3559,1.3012,1.5984,0.2995,0.1952,0.3264
7.8200,0.0744,-0.3513,-1.2943,1.6348,-0.3099,0.2040,-0.0077,-0.0694,-0.3605,1.2997,1.5984,0.3252,0.1814,0.3264
7.8798,0.0748,-0.3597,-1.2951,1.6352,-0.3156,0.1963,-0.0081,-0.0690,-0.3678,1.3004,1.5984,0.3344,0.1741,0.3264
7.9406,0.0748,-0.3689,-1.2962,1.6356,-0.3148,0.1929,-0.0077,-0.0702,-0.3774,1.3004,1.5999,0.3333,0.1760,0.3260
8.0110,0.0748,-0.3770,-1.2974,1.6368,-0.3152,0.1940,-0.0081,-0.0698,-0.3850,1.3016,1.5999,0.3333,0.1753,0.3271
8.0700,0.0748,-0.3804,-1.2981,1.6368,-0.3152,0.1929,-0.0073,-0.0698,-0.3889,1.3027,1.6003,0.3329,0.1764,0.3271
8.1400,0.0752,-0.3804,-1.2993,1.6371,-0.3241,0.1940,-0.0073,-0.0698,-0.3912,1.3039,1.6022,0.3405,0.1768,0.3267
8.2000,0.0755,-0.3812,-1.2993,1.6383,-0.3287,0.1940,-0.0077,-0.0686,-0.3935,1.3035,1.6026,0.3440,0.1760,0.3264
8.2600,0.0744,-0.3816,-1.3000,1.6383,-0.3287,0.1933,-0.0077,-0.0698,-0.3954,1.3047,1.6030,0.3459,0.1760,0.3264
8.3305,0.0752,-0.3820,-1.3004,1.6391,-0.3413,0.1929,-0.0081,-0.0694,-0.3965,1.3058,1.6026,0.3601,0.1760,0.3267
8.3898,0.0755,-0.3831,-1.3023,1.6379,-0.3459,0.1929,-0.0073,-0.0690,-0.3977,1.3070,1.6022,0.3639,0.1760,0.3264
8.4628,0.0748,-0.3850,-1.3012,1.6368,-0.3513,0.1933,-0.0084,-0.0690,-0.4000,1.3073,1.6019,0.3682,0.1764,0.3264
8.5198,0.0748,-0.3889,-1.3012,1.6345,-0.3682,0.1933,-0.0077,-0.0686,-0.4054,1.3073,1.6007,0.3843,0.1764,0.3260
8.5901,0.0752,-0.3912,-1.3016,1.6306,-0.3689,0.1929,-0.0077,-0.0671,-0.4107,1.3085,1.5965,0.3843,0.1760,0.3267
8.6498,0.0748,-0.3958,-1.3016,1.6295,-0.3693,0.1929,-0.0069,-0.0667,-0.4146,1.3096,1.5938,0.3858,0.1756,0.3264
8.7120,0.0755,-0.3981,-1.3020,1.6268,-0.3800,0.1944,-0.0077,-0.0663,-0.4188,1.3108,1.5911,0.3969,0.1768,0.3260
8.7798,0.0736,-0.4034,-1.3012,1.6218,-0.4019,0.1933,-0.0081,-0.0640,-0.4234,1.3108,1.5861,0.4207,0.1749,0.3264
8.8402,0.0732,-0.4065,-1.3023,1.6172,-0.4042,0.1948,-0.0077,-0.0621,-0.4287,1.3112,1.5800,0.4207,0.1768,0.3267
8.9098,0.0709,-0.4115,-1.3023,1.6126,-0.4027,0.1940,-0.0077,-0.0598,-0.4345,1.3116,1.5762,0.4222,0.1768,0.3260
8.9699,0.0706,-0.4138,-1.3027,1.6114,-0.4015,0.1940,-0.0077,-0.0579,-0.4372,1.3116,1.5731,0.4215,0.1772,0.3260
9.0300,0.0686,-0.4157,-1.3027,1.6103,-0.4077,0.1940,-0.0081,-0.0571,-0.4395,1.3116,1.5716,0.4253,0.1772,0.3264
9.0998,0.0675,-0.4172,-1.3016,1.6068,-0.4169,0.1944,-0.0084,-0.0564,-0.4422,1.3116,1.5700,0.4337,0.1787,0.3260
9.1597,0.0656,-0.4195,-1.3012,1.6038,-0.4184,0.1963,-0.0081,-0.0548,-0.4433,1.3104,1.5677,0.4368,0.1822,0.3264
9.2300,0.0637,-0.4211,-1.3020,1.6022,-0.4172,0.1975,-0.0081,-0.0537,-0.4456,1.3116,1.5658,0.4372,0.1814,0.3260
9.2898,0.0629,-0.4215,-1.3020,1.6011,-0.4184,0.1960,-0.0081,-0.0533,-0.4464,1.3119,1.5650,0.4380,0.1829,0.3264
9.3501,0.0610,-0.4218,-1.3020,1.6007,-0.4199,0.1967,-0.0077,-0.0529,-0.4483,1.3119,1.5639,0.4372,0.1810,0.3264
9.4201,0.0610,-0.4238,-1.2997,1.5996,-0.4337,0.1963,-0.0081,-0.0537,-0.4491,1.3116,1.5639,0.4514,0.1806,0.3264
9.4799,0.0610,-0.4268,-1.3004,1.5984,-0.4360,0.1956,-0.0081,-0.0525,-0.4521,1.3112,1.5624,0.4525,0.1825,0.3256
9.5498,0.0598,-0.4291,-1.3000,1.5969,-0.4368,0.1967,-0.0081,-0.0525,-0.4560,1.3112,1.5612,0.4544,0.1818,0.3267
9.6100,0.0598,-0.4310,-1.3000,1.5965,-0.4368,0.1967,-0.0081,-0.0522,-0.4575,1.3112,1.5608,0.4548,0.1818,0.3264
9.6798,0.0594,-0.4322,-1.2985,1.5965,-0.4368,0.1979,-0.0081,-0.0522,-0.4598,1.3116,1.5612,0.4548,0.1822,0.3264
9.7400,0.0594,-0.4314,-1.2997,1.5965,-0.4376,0.1971,-0.0077,-0.0518,-0.4594,1.3119,1.5608,0.4544,0.1822,0.3264
9.8000,0.0594,-0.4337,-1.2981,1.5969,-0.4475,0.1963,-0.0081,-0.0514,-0.4617,1.3116,1.5624,0.4636,0.1802,0.3256
9.8698,0.0598,-0.4391,-1.2977,1.5976,-0.4613,0.1948,-0.0077,-0.0525,-0.4667,1.3119,1.5627,0.4725,0.1779,0.3260
9.9300,0.0606,-0.4445,-1.2997,1.5996,-0.4648,0.1902,-0.0077,-0.0537,-0.4721,1.3150,1.5654,0.4782,0.1710,0.3275
9.9998,0.0629,-0.4556,-1.3027,1.6019,-0.4682,0.1791,-0.0081,-0.0564,-0.4794,1.3208,1.5712,0.4809,0.1584,0.3260
10.0600,0.0656,-0.4629,-1.3073,1.6068,-0.4713,0.1733,-0.0081,-0.0591,-0.4863,1.3288,1.5754,0.4844,0.1534,0.3264
10.1197,0.0717,-0.4705,-1.3135,1.6114,-0.4771,0.1695,-0.0084,-0.0633,-0.4924,1.3349,1.5815,0.4874,0.1473,0.3271
10.1900,0.0790,-0.4801,-1.3208,1.6187,-0.4824,0.1653,-0.0077,-0.0702,-0.4993,1.3457,1.5915,0.4920,0.1430,0.3264
10.2500,0.0874,-0.4870,-1.3292,1.6264,-0.4870,0.1611,-0.0065,-0.0786,-0.5066,1.3530,1.5999,0.4951,0.1388,0.3260
10.3199,0.0970,-0.4993,-1.3372,1.6360,-0.4985,0.1511,-0.0081,-0.0890,-0.5143,1.3633,1.6134,0.5035,0.1304,0.3267
10.3800,0.1062,-0.5070,-1.3457,1.6440,-0.5008,0.1469,-0.0077,-0.0978,-0.5204,1.3706,1.6222,0.5066,0.1266,0.3264
10.4399,0.1162,-0.5170,-1.3537,1.6517,-0.5104,0.1430,-0.0077,-0.1078,-0.5277,1.3779,1.6310,0.5162,0.1227,0.3264
10.5100,0.1273,-0.5262,-1.3633,1.6602,-0.5185,0.1404,-0.0081,-0.1185,-0.5369,1.3883,1.6433,0.5212,0.1177,0.3264
10.5701,0.1350,-0.5346,-1.3718,1.6678,-0.5242,0.1361,-0.0077,-0.1296,-0.5446,1.3971,1.6540,0.5296,0.1143,0.3256
10.6398,0.1446,-0.5446,-1.3806,1.6743,-0.5338,0.1323,-0.0073,-0.1388,-0.5534,1.4044,1.6628,0.5365,0.1124,0.3260
10.6998,0.1515,-0.5534,-1.3883,1.6809,-0.5346,0.1315,-0.0077,-0.1476,-0.5595,1.4097,1.6709,0.5377,0.1093,0.3264
10.7707,0.1588,-0.5626,-1.3959,1.6874,-0.5342,0.1323,-0.0073,-0.1561,-0.5641,1.4162,1.6797,0.5396,0.1104,0.3264
10.8298,0.1634,-0.5660,-1.3998,1.6901,-0.5342,0.1312,-0.0077,-0.1622,-0.5676,1.4212,1.6828,0.5388,0.1124,0.3260
10.8898,0.1645,-0.5672,-1.4021,1.6920,-0.5342,0.1292,-0.0081,-0.1638,-0.5687,1.4224,1.6832,0.5392,0.1101,0.3264
10.9597,0.1641,-0.5664,-1.4017,1.6916,-0.5354,0.1292,-0.0081,-0.1634,-0.5687,1.4220,1.6832,0.5392,0.1108,0.3267
11.0199,0.1645,-0.5664,-1.4021,1.6920,-0.5338,0.1289,-0.0073,-0.1630,-0.5680,1.4220,1.6843,0.5396,0.1112,0.3260
11.0898,0.1645,-0.5660,-1.4021,1.6916,-0.5334,0.1289,-0.0084,-0.1622,-0.5680,1.4205,1.6843,0.5388,0.1112,0.3271
11.1498,0.1645,-0.5657,-1.4021,1.6920,-0.5346,0.1292,-0.0073,-0.1615,-0.5683,1.4232,1.6832,0.5392,0.1104,0.3271
11.2098,0.1645,-0.5664,-1.4021,1.6920,-0.5346,0.1292,-0.0081,-0.1615,-0.5676,1.4224,1.6843,0.5392,0.1112,0.3267
11.2798,0.1634,-0.5657,-1.4017,1.6920,-0.5346,0.1292,-0.0077,-0.1618,-0.5683,1.4212,1.6843,0.5388,0.1108,0.3264
11.3399,0.1638,-0.5660,-1.4021,1.6920,-0.5346,0.1300,-0.0073,-0.1607,-0.5676,1.4216,1.6832,0.5396,0.1112,0.3264
11.4099,0.1641,-0.5649,-1.4021,1.6924,-0.5342,0.1296,-0.0077,-0.1603,-0.5668,1.4228,1.6835,0.5392,0.1108,0.3264
11.4706,0.1641,-0.5637,-1.4013,1.6920,-0.5342,0.1292,-0.0077,-0.1607,-0.5672,1.4220,1.6835,0.5400,0.1108,0.3264
11.5297,0.1634,-0.5634,-1.4017,1.6912,-0.5338,0.1292,-0.0077,-0.1592,-0.5672,1.4212,1.6839,0.5392,0.1108,0.3264
11.5998,0.1634,-0.5630,-1.4013,1.6908,-0.5342,0.1296,-0.0077,-0.1584,-0.5657,1.4216,1.6835,0.5392,0.1101,0.3275
11.6597,0.1630,-0.5618,-1.4017,1.6912,-0.5338,0.1292,-0.0073,-0.1580,-0.5657,1.4212,1.6828,0.5392,0.1097,0.3267
11.7298,0.1622,-0.5614,-1.4013,1.6908,-0.5346,0.1289,-0.0073,-0.1572,-0.5649,1.4208,1.6824,0.5384,0.1104,0.3271
11.7899,0.1626,-0.5611,-1.4021,1.6916,-0.5346,0.1289,-0.0073,-0.1568,-0.5649,1.4208,1.6812,0.5396,0.1089,0.3264
11.8597,0.1630,-0.5618,-1.4044,1.6962,-0.5350,0.1220,-0.0073,-0.1584,-0.5645,1.4220,1.6851,0.5384,0.1020,0.3267
11.9198,0.1653,-0.5622,-1.4074,1.6993,-0.5354,0.1166,-0.0077,-0.1580,-0.5645,1.4232,1.6885,0.5396,0.0978,0.3260
11.9798,0.1680,-0.5637,-1.4116,1.7043,-0.5350,0.1162,-0.0077,-0.1622,-0.5653,1.4262,1.6924,0.5392,0.0978,0.3267
12.0498,0.1718,-0.5637,-1.4128,1.7077,-0.5357,0.1154,-0.0081,-0.1661,-0.5649,1.4281,1.6958,0.5392,0.0982,0.3264
12.1100,0.1749,-0.5649,-1.4143,1.7092,-0.5446,0.1166,-0.0077,-0.1695,-0.5664,1.4285,1.6973,0.5461,0.0986,0.3264
12.1797,0.1772,-0.5664,-1.4155,1.7089,-0.5584,0.1154,-0.0073,-0.1722,-0.5672,1.4281,1.6973,0.5568,0.0970,0.3260
12.2403,0.1787,-0.5691,-1.4151,1.7089,-0.5591,0.1150,-0.0077,-0.1741,-0.5683,1.4297,1.6966,0.5580,0.0982,0.3267
12.3000,0.1802,-0.5714,-1.4159,1.7089,-0.5580,0.1154,-0.0077,-0.1753,-0.5695,1.4304,1.6985,0.5576,0.0986,0.3260
12.3699,0.1806,-0.5737,-1.4155,1.7054,-0.5649,0.1212,-0.0081,-0.1753,-0.5706,1.4281,1.6970,0.5653,0.1055,0.3264
12.4298,0.1791,-0.5745,-1.4155,1.6993,-0.5706,0.1250,-0.0081,-0.1753,-0.5718,1.4285,1.6912,0.5718,0.1139,0.3256
12.4998,0.1749,-0.5749,-1.4151,1.6912,-0.5703,0.1250,-0.0081,-0.1733,-0.5745,1.4278,1.6855,0.5737,0.1166,0.3260
12.5597,0.1714,-0.5752,-1.4143,1.6851,-0.5706,0.1269,-0.0081,-0.1710,-0.5760,1.4274,1.6805,0.5741,0.1166,0.3256
12.6198,0.1668,-0.5752,-1.4136,1.6805,-0.5703,0.1273,-0.0077,-0.1680,-0.5772,1.4289,1.6763,0.5733,0.1147,0.3264
12.6900,0.1626,-0.5756,-1.4128,1.6782,-0.5710,0.1273,-0.0081,-0.1638,-0.5787,1.4285,1.6736,0.5737,0.1147,0.3267
12.7500,0.1584,-0.5768,-1.4093,1.6736,-0.5856,0.1365,-0.0084,-0.1603,-0.5814,1.4243,1.6686,0.5879,0.1250,0.3256
12.8198,0.1538,-0.5802,-1.4055,1.6655,-0.5960,0.1361,-0.0077,-0.1553,-0.5848,1.4208,1.6621,0.5967,0.1262,0.3264
12.8798,0.1469,-0.5821,-1.3990,1.6582,-0.5960,0.1400,-0.0077,-0.1492,-0.5871,1.4155,1.6555,0.5967,0.1254,0.3267
12.9401,0.1430,-0.5844,-1.3940,1.6529,-0.5940,0.1407,-0.0073,-0.1457,-0.5906,1.4147,1.6513,0.5971,0.1266,0.3264
13.0099,0.1392,-0.5841,-1.3894,1.6490,-0.5933,0.1404,-0.0081,-0.1427,-0.5906,1.4128,1.6490,0.5963,0.1269,0.3256
13.0700,0.1373,-0.5844,-1.3883,1.6475,-0.5937,0.1407,-0.0081,-0.1411,-0.5913,1.4109,1.6486,0.5967,0.1281,0.3260
13.1400,0.1358,-0.5848,-1.3871,1.6475,-0.5944,0.1419,-0.0081,-0.1396,-0.5925,1.4105,1.6486,0.5967,0.1285,0.3264
13.2000,0.1354,-0.5844,-1.3863,1.6475,-0.5940,0.1411,-0.0081,-0.1400,-0.5925,1.4093,1.6483,0.5971,0.1281,0.3271
13.2700,0.1361,-0.5860,-1.3856,1.6444,-0.6078,0.1446,-0.0077,-0.1400,-0.5940,1.4078,1.6471,0.6101,0.1327,0.3260
13.3297,0.1346,-0.5913,-1.3825,1.6421,-0.6282,0.1473,-0.0077,-0.1400,-0.5986,1.4047,1.6460,0.6297,0.1369,0.3260
13.3898,0.1350,-0.5979,-1.3817,1.6371,-0.6320,0.1499,-0.0073,-0.1400,-0.6040,1.4040,1.6440,0.6332,0.1377,0.3260
13.4598,0.1350,-0.6052,-1.3798,1.6345,-0.6297,0.1492,-0.0077,-0.1404,-0.6117,1.4021,1.6414,0.6328,0.1411,0.3264
13.5222,0.1354,-0.6098,-1.3806,1.6310,-0.6308,0.1488,-0.0077,-0.1400,-0.6159,1.4024,1.6394,0.6328,0.1404,0.3260
13.5898,0.1342,-0.6124,-1.3802,1.6302,-0.6297,0.1492,-0.0084,-0.1396,-0.6205,1.4028,1.6391,0.6335,0.1407,0.3267
13.6498,0.1335,-0.6128,-1.3798,1.6306,-0.6297,0.1496,-0.0073,-0.1396,-0.6205,1.4021,1.6398,0.6332,0.1407,0.3264
13.7098,0.1338,-0.6136,-1.3794,1.6295,-0.6293,0.1496,-0.0077,-0.1392,-0.6209,1.4024,1.6394,0.6335,0.1407,0.3260
13.7798,0.1327,-0.6128,-1.3790,1.6306,-0.6282,0.1499,-0.0077,-0.1392,-0.6213,1.4028,1.6394,0.6335,0.1407,0.3260
13.8400,0.1331,-0.6128,-1.3790,1.6299,-0.6297,0.1488,-0.0081,-0.1396,-0.6213,1.4024,1.6394,0.6328,0.1400,0.3256
13.9103,0.1335,-0.6136,-1.3790,1.6291,-0.6285,0.1496,-0.0081,-0.1392,-0.6201,1.4024,1.6398,0.6332,0.1415,0.3260
13.9705,0.1319,-0.6128,-1.3790,1.6299,-0.6293,0.1496,-0.0073,-0.1400,-0.6201,1.4024,1.6391,0.6324,0.1411,0.3264
14.0299,0.1323,-0.6132,-1.3783,1.6306,-0.6278,0.1492,-0.0081,-0.1396,-0.6209,1.4021,1.6398,0.6332,0.1411,0.3271
14.0998,0.1327,-0.6132,-1.3775,1.6302,-0.6285,0.1488,-0.0077,-0.1400,-0.6205,1.4032,1.6402,0.6328,0.1407,0.3256
14.1597,0.1323,-0.6124,-1.3779,1.6295,-0.6285,0.1492,-0.0077,-0.1392,-0.6213,1.4032,1.6394,0.6324,0.1404,0.3260
14.2299,0.1323,-0.6128,-1.3779,1.6310,-0.6285,0.1507,-0.0081,-0.1396,-0.6205,1.4024,1.6394,0.6324,0.1404,0.3267
14.2899,0.1323,-0.6136,-1.3775,1.6302,-0.6385,0.1515,-0.0077,-0.1396,-0.6209,1.4017,1.6398,0.6393,0.1411,0.3264
14.3598,0.1331,-0.6155,-1.3779,1.6291,-0.6447,0.1530,-0.0077,-0.1396,-0.6224,1.4024,1.6391,0.6447,0.1415,0.3260
14.4200,0.1319,-0.6163,-1.3779,1.6302,-0.6450,0.1538,-0.0073,-0.1400,-0.6228,1.4017,1.6394,0.6473,0.1438,0.3264
14.4800,0.1315,-0.6186,-1.3775,1.6295,-0.6562,0.1530,-0.0077,-0.1404,-0.6251,1.4024,1.6414,0.6581,0.1450,0.3267
14.5498,0.1327,-0.6255,-1.3767,1.6295,-0.6730,0.1522,-0.0077,-0.1411,-0.6312,1.4017,1.6425,0.6692,0.1446,0.3260
14.6100,0.1338,-0.6324,-1.3771,1.6302,-0.6742,0.1542,-0.0077,-0.1430,-0.6378,1.4036,1.6429,0.6707,0.1450,0.3267
14.6799,0.1373,-0.6424,-1.3810,1.6356,-0.6742,0.1515,-0.0077,-0.1511,-0.6458,1.4105,1.6509,0.6703,0.1457,0.3260
14.7399,0.1419,-0.6500,-1.3871,1.6421,-0.6734,0.1511,-0.0073,-0.1588,-0.6500,1.4182,1.6590,0.6703,0.1419,0.3264
14.8000,0.1542,-0.6573,-1.3998,1.6578,-0.6734,0.1461,-0.0077,-0.1749,-0.6562,1.4316,1.6763,0.6707,0.1315,0.3260
14.8701,0.1749,-0.6657,-1.4185,1.6839,-0.6703,0.1312,-0.0077,-0.1956,-0.6585,1.4500,1.6997,0.6684,0.1127,0.3260
14.9300,0.1971,-0.6738,-1.4366,1.7058,-0.6680,0.1281,-0.0081,-0.2163,-0.6623,1.4646,1.7215,0.6642,0.1131,0.3264
15.0001,0.2209,-0.6845,-1.4550,1.7269,-0.6631,0.1250,-0.0077,-0.2397,-0.6661,1.4807,1.7403,0.6627,0.1085,0.3260
15.0600,0.2443,-0.6888,-1.4734,1.7499,-0.6588,0.1166,-0.0073,-0.2608,-0.6661,1.4964,1.7625,0.6577,0.1016,0.3260
15.1199,0.2684,-0.6941,-1.4910,1.7775,-0.6554,0.1070,-0.0077,-0.2830,-0.6680,1.5148,1.7890,0.6493,0.0936,0.3260
15.1900,0.2995,-0.7014,-1.5148,1.8089,-0.6519,0.1070,-0.0077,-0.3102,-0.6723,1.5336,1.8182,0.6466,0.0943,0.3260
15.2498,0.3214,-0.7079,-1.5278,1.8270,-0.6516,0.1070,-0.0077,-0.3310,-0.6738,1.5463,1.8358,0.6466,0.0936,0.3256
15.3198,0.3417,-0.7129,-1.5409,1.8419,-0.6508,0.1051,-0.0081,-0.3497,-0.6753,1.5581,1.8500,0.6462,0.0913,0.3256
15.3798,0.3520,-0.7133,-1.5497,1.8500,-0.6516,0.1043,-0.0081,-0.3597,-0.6750,1.5612,1.8615,0.6470,0.0905,0.3264
15.4498,0.3597,-0.7137,-1.5547,1.8607,-0.6512,0.1062,-0.0081,-0.3662,-0.6750,1.5670,1.8695,0.6454,0.0897,0.3271
15.5100,0.3609,-0.7141,-1.5570,1.8665,-0.6508,0.1051,-0.0073,-0.3689,-0.6750,1.5716,1.8707,0.6454,0.0901,0.3260
15.5700,0.3662,-0.7148,-1.5627,1.8745,-0.6512,0.1032,-0.0077,-0.3708,-0.6750,1.5746,1.8784,0.6450,0.0855,0.3252
15.6400,0.3754,-0.7168,-1.5704,1.8876,-0.6508,0.1005,-0.0077,-0.3766,-0.6753,1.5823,1.8868,0.6443,0.0775,0.3264
15.6999,0.3869,-0.7191,-1.5781,1.8991,-0.6512,0.1016,-0.0073,-0.3866,-0.6765,1.5896,1.8964,0.6443,0.0798,0.3264
15.7704,0.4008,-0.7206,-1.5884,1.9125,-0.6508,0.0993,-0.0084,-0.4011,-0.6776,1.6003,1.9083,0.6447,0.0813,0.3271
15.8300,0.4119,-0.7233,-1.5942,1.9217,-0.6512,0.0982,-0.0077,-0.4134,-0.6773,1.6061,1.9171,0.6427,0.0836,0.3267
15.8898,0.4268,-0.7240,-1.6049,1.9378,-0.6500,0.1001,-0.0077,-0.4272,-0.6784,1.6141,1.9313,0.6381,0.0848,0.3264
15.9598,0.4414,-0.7260,-1.6126,1.9524,-0.6462,0.0997,-0.0084,-0.4406,-0.6773,1.6210,1.9447,0.6332,0.0825,0.3264
16.0198,0.4556,-0.7279,-1.6191,1.9673,-0.6431,0.1024,-0.0077,-0.4560,-0.6784,1.6295,1.9585,0.6335,0.0874,0.3256
16.0901,0.4663,-0.7290,-1.6245,1.9758,-0.6427,0.1024,-0.0073,-0.4663,-0.6761,1.6341,1.9689,0.6335,0.0913,0.3264
16.1502,0.4721,-0.7290,-1.6260,1.9785,-0.6431,0.1035,-0.0077,-0.4709,-0.6761,1.6345,1.9712,0.6324,0.0909,0.3260
16.2100,0.4728,-0.7286,-1.6272,1.9788,-0.6420,0.1032,-0.0084,-0.4698,-0.6761,1.6352,1.9715,0.6335,0.0901,0.3264
16.2799,0.4721,-0.7279,-1.6276,1.9796,-0.6424,0.1024,-0.0081,-0.4698,-0.6769,1.6352,1.9723,0.6332,0.0909,0.3256
16.3398,0.4709,-0.7283,-1.6272,1.9792,-0.6435,0.1020,-0.0077,-0.4682,-0.6765,1.6352,1.9723,0.6324,0.0909,0.3264
16.4100,0.4705,-0.7283,-1.6272,1.9800,-0.6424,0.1035,-0.0077,-0.4682,-0.6769,1.6352,1.9735,0.6332,0.0905,0.3264
16.4722,0.4698,-0.7286,-1.6276,1.9785,-0.6424,0.1020,-0.0073,-0.4694,-0.6761,1.6348,1.9731,0.6332,0.0901,0.3267
16.5301,0.4694,-0.7286,-1.6272,1.9781,-0.6424,0.1028,-0.0081,-0.4675,-0.6757,1.6356,1.9731,0.6324,0.0894,0.3256
16.6001,0.4675,-0.7279,-1.6268,1.9796,-0.6420,0.1024,-0.0077,-0.4667,-0.6753,1.6348,1.9735,0.6335,0.0897,0.3260
16.6600,0.4671,-0.7279,-1.6272,1.9777,-0.6458,0.1039,-0.0077,-0.4659,-0.6750,1.6341,1.9719,0.6355,0.0924,0.3264
16.7299,0.4644,-0.7279,-1.6253,1.9731,-0.6531,0.1058,-0.0084,-0.4656,-0.6750,1.6322,1.9692,0.6416,0.0966,0.3264
16.7900,0.4625,-0.7279,-1.6245,1.9696,-0.6577,0.1104,-0.0081,-0.4633,-0.6761,1.6295,1.9666,0.6462,0.0993,0.3260
16.8598,0.4587,-0.7313,-1.6187,1.9627,-0.6738,0.1177,-0.0077,-0.4583,-0.6765,1.6230,1.9593,0.6627,0.1085,0.3260
16.9200,0.4529,-0.7336,-1.6160,1.9531,-0.6765,0.1181,-0.0081,-0.4525,-0.6799,1.6187,1.9528,0.6634,0.1120,0.3264
16.9799,0.4429,-0.7355,-1.6061,1.9393,-0.6891,0.1246,-0.0081,-0.4426,-0.6849,1.6076,1.9413,0.6807,0.1235,0.3264
17.0517,0.4234,-0.7405,-1.5904,1.9152,-0.7083,0.1350,-0.0077,-0.4276,-0.6930,1.5957,1.9213,0.7010,0.1323,0.3260
17.1098,0.4038,-0.7409,-1.5804,1.8948,-0.7110,0.1331,-0.0073,-0.4138,-0.6964,1.5873,1.9083,0.7010,0.1319,0.3256
17.1800,0.3843,-0.7432,-1.5666,1.8795,-0.7098,0.1338,-0.0077,-0.3985,-0.7022,1.5762,1.8964,0.7006,0.1350,0.3260
17.2398,0.3720,-0.7440,-1.5604,1.8722,-0.7091,0.1361,-0.0061,-0.3881,-0.7045,1.5731,1.8879,0.7014,0.1365,0.3260
17.3005,0.3636,-0.7440,-1.5597,1.8630,-0.7091,0.1361,-0.0069,-0.3797,-0.7041,1.5689,1.8787,0.7010,0.1358,0.3260
17.3699,0.3570,-0.7459,-1.5535,1.8546,-0.7221,0.1415,-0.0061,-0.3739,-0.7072,1.5635,1.8749,0.7125,0.1419,0.3264
17.4301,0.3536,-0.7493,-1.5497,1.8477,-0.7256,0.1446,-0.0073,-0.3739,-0.7114,1.5608,1.8692,0.7164,0.1461,0.3260
17.4998,0.3490,-0.7528,-1.5447,1.8389,-0.7260,0.1503,-0.0061,-0.3720,-0.7152,1.5601,1.8646,0.7175,0.1515,0.3260
17.5599,0.3478,-0.7551,-1.5413,1.8335,-0.7260,0.1511,-0.0065,-0.3712,-0.7171,1.5585,1.8615,0.7175,0.1519,0.3264
17.6200,0.3455,-0.7555,-1.5390,1.8293,-0.7260,0.1519,-0.0069,-0.3697,-0.7171,1.5585,1.8600,0.7179,0.1526,0.3260
17.6898,0.3448,-0.7559,-1.5382,1.8289,-0.7263,0.1515,-0.0073,-0.3678,-0.7183,1.5566,1.8592,0.7175,0.1519,0.3260
17.7498,0.3444,-0.7563,-1.5374,1.8285,-0.7256,0.1522,-0.0069,-0.3666,-0.7179,1.5555,1.8592,0.7183,0.1515,0.3264
17.8200,0.3440,-0.7563,-1.5382,1.8277,-0.7260,0.1511,-0.0069,-0.3666,-0.7191,1.5566,1.8588,0.7183,0.1519,0.3260
17.8797,0.3432,-0.7563,-1.5378,1.8285,-0.7260,0.1511,-0.0069,-0.3662,-0.7183,1.5555,1.8584,0.7194,0.1515,0.3264
17.9498,0.3428,-0.7570,-1.5386,1.8285,-0.7267,0.1515,-0.0061,-0.3659,-0.7191,1.5551,1.8580,0.7194,0.1515,0.3260
18.0098,0.3436,-0.7570,-1.5390,1.8285,-0.7271,0.1515,-0.0069,-0.3651,-0.7191,1.5555,1.8565,0.7194,0.1519,0.3264
18.0700,0.3432,-0.7570,-1.5370,1.8274,-0.7275,0.1515,-0.0061,-0.3651,-0.7194,1.5555,1.8569,0.7198,0.1511,0.3264
18.1400,0.3444,-0.7612,-1.5355,1.8285,-0.7413,0.1568,-0.0065,-0.3666,-0.7214,1.5551,1.8573,0.7306,0.1580,0.3264
18.2001,0.3440,-0.7643,-1.5355,1.8277,-0.7421,0.1592,-0.0065,-0.3670,-0.7244,1.5555,1.8569,0.7329,0.1603,0.3252
18.2699,0.3448,-0.7697,-1.5359,1.8289,-0.7424,0.1630,-0.0061,-0.3674,-0.7279,1.5547,1.8573,0.7344,0.1626,0.3252
18.3300,0.3448,-0.7727,-1.5355,1.8285,-0.7459,0.1622,-0.0061,-0.3689,-0.7306,1.5558,1.8580,0.7367,0.1622,0.3264
18.3900,0.3467,-0.7747,-1.5367,1.8304,-0.7486,0.1684,-0.0069,-0.3728,-0.7344,1.5555,1.8603,0.7386,0.1680,0.3267
18.4599,0.3532,-0.7789,-1.5386,1.8350,-0.7497,0.1737,-0.0061,-0.3785,-0.7363,1.5578,1.8626,0.7409,0.1730,0.3264
18.5199,0.3609,-0.7808,-1.5405,1.8408,-0.7493,0.1726,-0.0065,-0.3866,-0.7386,1.5604,1.8676,0.7413,0.1749,0.3256
18.5899,0.3720,-0.7831,-1.5455,1.8504,-0.7501,0.1756,-0.0065,-0.3946,-0.7390,1.5650,1.8757,0.7417,0.1756,0.3271
18.6500,0.3831,-0.7873,-1.5528,1.8592,-0.7497,0.1795,-0.0061,-0.4046,-0.7401,1.5704,1.8837,0.7417,0.1791,0.3260
18.7098,0.3996,-0.7896,-1.5601,1.8745,-0.7497,0.1871,-0.0065,-0.4176,-0.7417,1.5777,1.8960,0.7417,0.1856,0.3260
18.7799,0.4157,-0.7935,-1.5708,1.8914,-0.7497,0.1940,-0.0065,-0.4337,-0.7432,1.5877,1.9098,0.7413,0.1917,0.3260
18.8398,0.4353,-0.7981,-1.5823,1.9094,-0.7486,0.1983,-0.0065,-0.4514,-0.7463,1.5961,1.9255,0.7390,0.2010,0.3260
18.9100,0.4544,-0.8007,-1.5950,1.9282,-0.7436,0.2010,-0.0065,-0.4682,-0.7463,1.6053,1.9432,0.7344,0.2029,0.3256
18.9698,0.4775,-0.8023,-1.6068,1.9505,-0.7329,0.2102,-0.0065,-0.4867,-0.7474,1.6149,1.9631,0.7194,0.2109,0.3256
19.0400,0.4993,-0.8038,-1.6183,1.9746,-0.7275,0.2144,-0.0065,-0.5028,-0.7474,1.6230,1.9850,0.7148,0.2178,0.3256
19.1003,0.5223,-0.8053,-1.6306,1.9949,-0.7187,0.2171,-0.0061,-0.5196,-0.7493,1.6310,2.0057,0.7052,0.2243,0.3260
19.1600,0.5396,-0.8069,-1.6360,2.0133,-0.7141,0.2194,-0.0065,-0.5311,-0.7497,1.6360,2.0229,0.6987,0.2251,0.3256
19.2299,0.5614,-0.8080,-1.6486,2.0344,-0.7014,0.2243,-0.0065,-0.5469,-0.7517,1.6433,2.0433,0.6857,0.2286,0.3267
19.2900,0.5768,-0.8119,-1.6536,2.0521,-0.6980,0.2293,-0.0065,-0.5549,-0.7493,1.6498,2.0582,0.6807,0.2324,0.3260
19.3600,0.5971,-0.8103,-1.6655,2.0713,-0.6861,0.2347,-0.0069,-0.5683,-0.7459,1.6571,2.0774,0.6692,0.2382,0.3256
19.4200,0.6105,-0.8099,-1.6705,2.0854,-0.6819,0.2382,-0.0065,-0.5760,-0.7413,1.6598,2.0889,0.6646,0.2401,0.3260
19.4801,0.6255,-0.8073,-1.6782,2.0977,-0.6799,0.2401,-0.0065,-0.5887,-0.7398,1.6655,2.1023,0.6654,0.2412,0.3264
19.5502,0.6378,-0.8061,-1.6828,2.1108,-0.6765,0.2416,-0.0065,-0.6002,-0.7355,1.6671,2.1119,0.6604,0.2439,0.3260
19.6101,0.6477,-0.8019,-1.6881,2.1203,-0.6669,0.2443,-0.0061,-0.6101,-0.7332,1.6705,2.1196,0.6470,0.2462,0.3264
19.6800,0.6581,-0.7973,-1.6947,2.1357,-0.6485,0.2439,-0.0061,-0.6201,-0.7275,1.6720,2.1315,0.6266,0.2493,0.3264
19.7400,0.6696,-0.7919,-1.7000,2.1503,-0.6339,0.2497,-0.0069,-0.6278,-0.7221,1.6740,2.1460,0.6144,0.2554,0.3256
19.7998,0.6842,-0.7862,-1.7054,2.1679,-0.6209,0.2596,-0.0065,-0.6393,-0.7160,1.6789,2.1598,0.5971,0.2619,0.3260
19.8703,0.7033,-0.7777,-1.7135,2.1875,-0.5963,0.2673,-0.0069,-0.6558,-0.7091,1.6816,2.1798,0.5687,0.2684,0.3260
19.9300,0.7214,-0.7662,-1.7177,2.2085,-0.5699,0.2769,-0.0065,-0.6715,-0.7014,1.6832,2.1982,0.5419,0.2761,0.3264
19.9998,0.7440,-0.7547,-1.7238,2.2331,-0.5480,0.2865,-0.0065,-0.6922,-0.6903,1.6847,2.2220,0.5193,0.2842,0.3256
20.0599,0.7609,-0.7474,-1.7261,2.2480,-0.5426,0.2892,-0.0065,-0.7068,-0.6822,1.6851,2.2381,0.5170,0.2880,0.3260
20.1198,0.7777,-0.7390,-1.7326,2.2622,-0.5170,0.2957,-0.0065,-0.7210,-0.6734,1.6874,2.2515,0.4874,0.2945,0.3260
20.1898,0.7923,-0.7290,-1.7334,2.2787,-0.5051,0.3037,-0.0065,-0.7348,-0.6627,1.6870,2.2688,0.4725,0.2995,0.3264
20.2499,0.8046,-0.7214,-1.7368,2.2941,-0.5039,0.3079,-0.0065,-0.7493,-0.6542,1.6885,2.2837,0.4728,0.3026,0.3256
20.3201,0.8142,-0.7125,-1.7384,2.3025,-0.4886,0.3079,-0.0069,-0.7582,-0.6462,1.6874,2.2922,0.4575,0.3041,0.3256
20.3800,0.8207,-0.7075,-1.7403,2.3079,-0.4832,0.3072,-0.0069,-0.7647,-0.6408,1.6878,2.2979,0.4518,0.3030,0.3264
20.4501,0.8241,-0.6999,-1.7422,2.3148,-0.4709,0.3010,-0.0065,-0.7666,-0.6316,1.6878,2.3033,0.4399,0.2957,0.3264
20.5104,0.8249,-0.6926,-1.7430,2.3194,-0.4587,0.2976,-0.0069,-0.7674,-0.6255,1.6885,2.3090,0.4253,0.2915,0.3264
20.5700,0.8257,-0.6853,-1.7438,2.3232,-0.4456,0.2949,-0.0065,-0.7697,-0.6182,1.6885,2.3136,0.4119,0.2918,0.3264
20.6399,0.8283,-0.6761,-1.7449,2.3293,-0.4441,0.2938,-0.0065,-0.7727,-0.6090,1.6881,2.3209,0.4111,0.2869,0.3260
20.6999,0.8283,-0.6665,-1.7457,2.3336,-0.4261,0.2865,-0.0073,-0.7739,-0.6009,1.6889,2.3244,0.3935,0.2792,0.3260
20.7702,0.8295,-0.6550,-1.7453,2.3389,-0.4061,0.2811,-0.0073,-0.7770,-0.5894,1.6866,2.3305,0.3747,0.2734,0.3252
20.8300,0.8307,-0.6447,-1.7449,2.3435,-0.4042,0.2757,-0.0065,-0.7793,-0.5798,1.6851,2.3347,0.3743,0.2723,0.3256
20.8900,0.8307,-0.6366,-1.7453,2.3458,-0.3981,0.2696,-0.0069,-0.7785,-0.5703,1.6835,2.3386,0.3659,0.2654,0.3260
20.9600,0.8314,-0.6278,-1.7434,2.3489,-0.3869,0.2646,-0.0069,-0.7800,-0.5618,1.6809,2.3412,0.3547,0.2600,0.3256
21.0200,0.8310,-0.6205,-1.7449,2.3516,-0.3743,0.2592,-0.0069,-0.7800,-0.5538,1.6789,2.3443,0.3428,0.2554,0.3256
21.0901,0.8307,-0.6117,-1.7441,2.3550,-0.3655,0.2512,-0.0073,-0.7812,-0.5442,1.6740,2.3462,0.3359,0.2516,0.3260
21.1500,0.8310,-0.6029,-1.7449,2.3581,-0.3578,0.2485,-0.0065,-0.7796,-0.5361,1.6720,2.3493,0.3256,0.2493,0.3264
21.2098,0.8307,-0.5960,-1.7449,2.3585,-0.3436,0.2485,-0.0073,-0.7804,-0.5292,1.6694,2.3508,0.3137,0.2497,0.3260
21.2800,0.8303,-0.5864,-1.7430,2.3604,-0.3329,0.2477,-0.0069,-0.7808,-0.5216,1.6651,2.3543,0.3026,0.2489,0.3260
21.3399,0.8303,-0.5772,-1.7434,2.3631,-0.3152,0.2485,-0.0061,-0.7819,-0.5131,1.6625,2.3566,0.2849,0.2489,0.3260
21.4100,0.8295,-0.5672,-1.7388,2.3665,-0.3099,0.2466,-0.0065,-0.7839,-0.5039,1.6555,2.3608,0.2834,0.2481,0.3264
21.4702,0.8303,-0.5572,-1.7365,2.3681,-0.2918,0.2493,-0.0069,-0.7854,-0.4951,1.6525,2.3631,0.2642,0.2489,0.3260
21.5400,0.8307,-0.5465,-1.7311,2.3708,-0.2830,0.2504,-0.0065,-0.7881,-0.4847,1.6471,2.3658,0.2539,0.2504,0.3256
21.5998,0.8310,-0.5377,-1.7269,2.3727,-0.2830,0.2523,-0.0073,-0.7908,-0.4782,1.6452,2.3688,0.2554,0.2516,0.3260
21.6608,0.8314,-0.5331,-1.7238,2.3746,-0.2823,0.2523,-0.0065,-0.7931,-0.4709,1.6414,2.3700,0.2550,0.2535,0.3260
21.7300,0.8322,-0.5300,-1.7196,2.3754,-0.2750,0.2523,-0.0065,-0.7950,-0.4690,1.6375,2.3704,0.2474,0.2539,0.3256
21.7900,0.8326,-0.5265,-1.7192,2.3758,-0.2669,0.2531,-0.0058,-0.7950,-0.4659,1.6375,2.3712,0.2397,0.2543,0.3264
21.8598,0.8318,-0.5200,-1.7169,2.3765,-0.2462,0.2543,-0.0069,-0.7954,-0.4610,1.6345,2.3727,0.2178,0.2550,0.3267
21.9223,0.8318,-0.5116,-1.7123,2.3777,-0.2351,0.2550,-0.0065,-0.7958,-0.4541,1.6302,2.3742,0.2079,0.2550,0.3264
21.9799,0.8326,-0.5051,-1.7077,2.3792,-0.2263,0.2562,-0.0065,-0.7961,-0.4479,1.6272,2.3758,0.2002,0.2546,0.3264
22.0498,0.8322,-0.4893,-1.7046,2.3804,-0.1917,0.2619,-0.0065,-0.7977,-0.4349,1.6237,2.3781,0.1645,0.2608,0.3260
22.1101,0.8341,-0.4755,-1.6973,2.3827,-0.1787,0.2646,-0.0069,-0.8007,-0.4238,1.6172,2.3796,0.1542,0.2619,0.3264
22.1800,0.8356,-0.4610,-1.6885,2.3861,-0.1634,0.2661,-0.0061,-0.8034,-0.4100,1.6114,2.3827,0.1361,0.2650,0.3267
22.2400,0.8368,-0.4498,-1.6816,2.3876,-0.1588,0.2654,-0.0061,-0.8053,-0.3996,1.6038,2.3842,0.1342,0.2642,0.3264
22.2998,0.8368,-0.4426,-1.6774,2.3888,-0.1522,0.2650,-0.0065,-0.8073,-0.3927,1.5988,2.3865,0.1296,0.2642,0.3256
22.3698,0.8364,-0.4333,-1.6690,2.3899,-0.1461,0.2642,-0.0069,-0.8073,-0.3846,1.5930,2.3880,0.1235,0.2631,0.3264
22.4304,0.8368,-0.4238,-1.6655,2.3907,-0.1434,0.2650,-0.0069,-0.8080,-0.3804,1.5884,2.3880,0.1212,0.2631,0.3256
22.4999,0.8360,-0.4192,-1.6605,2.3911,-0.1335,0.2638,-0.0069,-0.8084,-0.3762,1.5858,2.3876,0.1101,0.2635,0.3256
22.5600,0.8364,-0.4153,-1.6563,2.3926,-0.1285,0.2646,-0.0061,-0.8080,-0.3735,1.5800,2.3884,0.1039,0.2631,0.3252
22.6299,0.8353,-0.4092,-1.6517,2.3942,-0.1193,0.2623,-0.0069,-0.8076,-0.3685,1.5762,2.3892,0.0978,0.2600,0.3256
22.6900,0.8341,-0.4057,-1.6471,2.3938,-0.1108,0.2612,-0.0065,-0.8076,-0.3651,1.5708,2.3888,0.0913,0.2608,0.3267
22.7498,0.8326,-0.3965,-1.6421,2.3938,-0.0940,0.2615,-0.0069,-0.8073,-0.3601,1.5677,2.3892,0.0729,0.2600,0.3252
22.8200,0.8314,-0.3881,-1.6337,2.3949,-0.0909,0.2600,-0.0065,-0.8069,-0.3536,1.5608,2.3899,0.0694,0.2608,0.3260
22.8800,0.8303,-0.3793,-1.6272,2.3942,-0.0790,0.2615,-0.0065,-0.8065,-0.3471,1.5574,2.3888,0.0575,0.2608,0.3267
22.9501,0.8303,-0.3701,-1.6199,2.3953,-0.0644,0.2615,-0.0061,-0.8076,-0.3398,1.5520,2.3888,0.0437,0.2604,0.3267
23.0100,0.8291,-0.3636,-1.6145,2.3965,-0.0614,0.2623,-0.0065,-0.8053,-0.3356,1.5463,2.3888,0.0414,0.2612,0.3260
23.0700,0.8280,-0.3586,-1.6091,2.3972,-0.0564,0.2619,-0.0061,-0.8050,-0.3310,1.5417,2.3899,0.0387,0.2623,0.3256
23.1399,0.8260,-0.3517,-1.6011,2.3961,-0.0495,0.2615,-0.0069,-0.8053,-0.3267,1.5363,2.3892,0.0349,0.2612,0.3264
23.1999,0.8245,-0.3471,-1.5961,2.3965,-0.0499,0.2619,-0.0073,-0.8046,-0.3256,1.5328,2.3888,0.0337,0.2608,0.3256
23.2701,0.8241,-0.3440,-1.5923,2.3961,-0.0495,0.2619,-0.0081,-0.8042,-0.3241,1.5309,2.3896,0.0337,0.2615,0.3260
23.3299,0.8234,-0.3444,-1.5911,2.3965,-0.0453,0.2615,-0.0073,-0.8034,-0.3241,1.5301,2.3899,0.0272,0.2615,0.3256
23.3899,0.8234,-0.3421,-1.5873,2.3965,-0.0380,0.2615,-0.0077,-0.8038,-0.3225,1.5271,2.3896,0.0176,0.2619,0.3264
23.4599,0.8230,-0.3394,-1.5831,2.3968,-0.0330,0.2615,-0.0081,-0.8023,-0.3195,1.5232,2.3896,0.0161,0.2619,0.3256
23.5197,0.8222,-0.3382,-1.5808,2.3976,-0.0337,0.2608,-0.0069,-0.8023,-0.3183,1.5229,2.3888,0.0150,0.2615,0.3260
23.5900,0.8218,-0.3375,-1.5808,2.3972,-0.0337,0.2619,-0.0073,-0.8011,-0.3187,1.5229,2.3888,0.0153,0.2615,0.3264
23.6498,0.8218,-0.3344,-1.5785,2.3968,-0.0153,0.2612,-0.0069,-0.8007,-0.3168,1.5209,2.3884,-0.0046,0.2615,0.3256
23.7200,0.8211,-0.3264,-1.5723,2.3980,0.0008,0.2627,-0.0073,-0.8000,-0.3114,1.5133,2.3884,-0.0188,0.2619,0.3260
23.7800,0.8211,-0.3195,-1.5662,2.3972,0.0192,0.2623,-0.0069,-0.7984,-0.3072,1.5087,2.3880,-0.0376,0.2642,0.3252
23.8398,0.8207,-0.3095,-1.5539,2.3984,0.0372,0.2615,-0.0073,-0.7973,-0.2999,1.5018,2.3876,-0.0545,0.2665,0.3260
23.9100,0.8195,-0.2984,-1.5451,2.3984,0.0495,0.2658,-0.0073,-0.7965,-0.2930,1.4929,2.3869,-0.0660,0.2677,0.3256
23.9699,0.8195,-0.2872,-1.5370,2.3991,0.0617,0.2661,-0.0069,-0.7965,-0.2846,1.4872,2.3861,-0.0775,0.2711,0.3267
24.0400,0.8191,-0.2792,-1.5267,2.4007,0.0621,0.2669,-0.0073,-0.7981,-0.2780,1.4795,2.3865,-0.0786,0.2715,0.3260
24.1000,0.8195,-0.2688,-1.5213,2.4007,0.0782,0.2711,-0.0073,-0.7969,-0.2704,1.4768,2.3850,-0.0947,0.2761,0.3260
24.1598,0.8199,-0.2623,-1.5167,2.4011,0.0955,0.2734,-0.0073,-0.7973,-0.2646,1.4711,2.3838,-0.1124,0.2792,0.3260
24.2298,0.8211,-0.2558,-1.5114,2.4026,0.0974,0.2753,-0.0073,-0.7981,-0.2592,1.4676,2.3834,-0.1124,0.2830,0.3260
24.2898,0.8226,-0.2508,-1.5068,2.4034,0.0974,0.2750,-0.0069,-0.7984,-0.2550,1.4630,2.3857,-0.1131,0.2807,0.3256
24.3602,0.8234,-0.2474,-1.5048,2.4034,0.1035,0.2746,-0.0077,-0.7988,-0.2516,1.4607,2.3873,-0.1181,0.2803,0.3256
24.4208,0.8241,-0.2443,-1.5018,2.4030,0.1127,0.2761,-0.0073,-0.7996,-0.2516,1.4592,2.3876,-0.1269,0.2815,0.3260
24.4800,0.8237,-0.2416,-1.4968,2.4022,0.1223,0.2773,-0.0077,-0.7984,-0.2504,1.4546,2.3873,-0.1354,0.2811,0.3256
24.5498,0.8249,-0.2370,-1.4929,2.4041,0.1312,0.2784,-0.0077,-0.7984,-0.2470,1.4500,2.3884,-0.1442,0.2819,0.3264
24.6100,0.8257,-0.2332,-1.4876,2.4053,0.1319,0.2788,-0.0069,-0.7984,-0.2451,1.4454,2.3880,-0.1453,0.2826,0.3264
24.6797,0.8245,-0.2305,-1.4757,2.4060,0.1419,0.2796,-0.0069,-0.7996,-0.2435,1.4393,2.3869,-0.1565,0.2826,0.3264
24.7398,0.8237,-0.2263,-1.4661,2.4049,0.1503,0.2780,-0.0073,-0.7996,-0.2428,1.4304,2.3873,-0.1607,0.2826,0.3260
24.8000,0.8211,-0.2217,-1.4603,2.4057,0.1549,0.2780,-0.0081,-0.7984,-0.2405,1.4239,2.3869,-0.1634,0.2830,0.3260
24.8701,0.8195,-0.2197,-1.4496,2.4057,0.1568,0.2773,-0.0077,-0.7984,-0.2416,1.4193,2.3857,-0.1641,0.2819,0.3260
24.9300,0.8161,-0.2174,-1.4435,2.4037,0.1568,0.2742,-0.0073,-0.7969,-0.2393,1.4147,2.3834,-0.1641,0.2815,0.3260
25.0000,0.8111,-0.2167,-1.4373,2.4030,0.1568,0.2723,-0.0081,-0.7950,-0.2389,1.4093,2.3815,-0.1645,0.2803,0.3264
25.0599,0.8061,-0.2148,-1.4289,2.4026,0.1622,0.2700,-0.0077,-0.7923,-0.2389,1.4055,2.3784,-0.1707,0.2796,0.3260
25.1305,0.8019,-0.2144,-1.4220,2.3999,0.1714,0.2692,-0.0073,-0.7865,-0.2385,1.3986,2.3735,-0.1825,0.2792,0.3256
25.1901,0.7969,-0.2125,-1.4136,2.3968,0.1730,0.2681,-0.0077,-0.7812,-0.2382,1.3925,2.3696,-0.1837,0.2788,0.3260
25.2498,0.7931,-0.2102,-1.4078,2.3957,0.1810,0.2684,-0.0077,-0.7777,-0.2374,1.3886,2.3673,-0.1898,0.2800,0.3260
25.3198,0.7900,-0.2090,-1.4021,2.3938,0.1871,0.2673,-0.0077,-0.7735,-0.2374,1.3848,2.3658,-0.1933,0.2800,0.3256
25.3798,0.7896,-0.2086,-1.3982,2.3922,0.1860,0.2677,-0.0073,-0.7724,-0.2366,1.3829,2.3650,-0.1933,0.2811,0.3260
25.4501,0.7900,-0.2075,-1.3952,2.3919,0.1860,0.2673,-0.0073,-0.7720,-0.2366,1.3813,2.3642,-0.1937,0.2800,0.3260
25.5100,0.7888,-0.2075,-1.3948,2.3899,0.1914,0.2673,-0.0073,-0.7720,-0.2358,1.3821,2.3635,-0.1944,0.2807,0.3256
25.5698,0.7888,-0.2056,-1.3929,2.3907,0.1990,0.2681,-0.0069,-0.7720,-0.2339,1.3802,2.3627,-0.2102,0.2807,0.3256
25.6400,0.7885,-0.2025,-1.3898,2.3896,0.2075,0.2677,-0.0069,-0.7712,-0.2324,1.3787,2.3612,-0.2224,0.2803,0.3264
25.7002,0.7877,-0.2017,-1.3871,2.3907,0.2128,0.2673,-0.0073,-0.7708,-0.2289,1.3779,2.3612,-0.2220,0.2807,0.3256
25.7702,0.7885,-0.2006,-1.3844,2.3899,0.2159,0.2669,-0.0077,-0.7712,-0.2259,1.3764,2.3608,-0.2232,0.2819,0.3260
25.8302,0.7885,-0.1971,-1.3813,2.3880,0.2278,0.2681,-0.0081,-0.7712,-0.2224,1.3748,2.3604,-0.2301,0.2819,0.3256
25.8900,0.7881,-0.1944,-1.3794,2.3880,0.2358,0.2684,-0.0073,-0.7716,-0.2197,1.3733,2.3600,-0.2481,0.2815,0.3256
25.9600,0.7888,-0.1910,-1.3760,2.3876,0.2562,0.2684,-0.0073,-0.7720,-0.2128,1.3733,2.3593,-0.2650,0.2830,0.3256
26.0198,0.7885,-0.1860,-1.3737,2.3876,0.2711,0.2707,-0.0077,-0.7720,-0.2079,1.3706,2.3593,-0.2780,0.2842,0.3260
26.0899,0.7892,-0.1825,-1.3710,2.3861,0.2727,0.2711,-0.0073,-0.7735,-0.2013,1.3698,2.3589,-0.2823,0.2861,0.3248
26.1501,0.7896,-0.1795,-1.3683,2.3861,0.2730,0.2727,-0.0077,-0.7743,-0.1971,1.3675,2.3589,-0.2830,0.2857,0.3248
26.2198,0.7912,-0.1764,-1.3675,2.3869,0.2915,0.2750,-0.0077,-0.7762,-0.1937,1.3664,2.3593,-0.3010,0.2865,0.3248
26.2798,0.7923,-0.1753,-1.3668,2.3865,0.2957,0.2769,-0.0073,-0.7785,-0.1898,1.3645,2.3593,-0.3060,0.2903,0.3248
26.3398,0.7938,-0.1730,-1.3641,2.3869,0.2957,0.2769,-0.0077,-0.7800,-0.1864,1.3637,2.3596,-0.3072,0.2903,0.3244
26.4098,0.7973,-0.1714,-1.3629,2.3865,0.2945,0.2773,-0.0073,-0.7827,-0.1848,1.3614,2.3608,-0.3056,0.2907,0.3252
26.4701,0.7981,-0.1718,-1.3618,2.3869,0.2953,0.2803,-0.0077,-0.7839,-0.1848,1.3591,2.3619,-0.3064,0.2903,0.3252
26.5400,0.7977,-0.1714,-1.3614,2.3873,0.3014,0.2815,-0.0073,-0.7842,-0.1837,1.3587,2.3619,-0.3160,0.2907,0.3256
26.6000,0.7977,-0.1707,-1.3599,2.3865,0.3172,0.2811,-0.0073,-0.7858,-0.1825,1.3564,2.3627,-0.3244,0.2907,0.3260
26.6600,0.7981,-0.1710,-1.3587,2.3869,0.3202,0.2815,-0.0081,-0.7865,-0.1802,1.3537,2.3642,-0.3310,0.2918,0.3256
26.7299,0.7981,-0.1680,-1.3572,2.3865,0.3359,0.2834,-0.0069,-0.7885,-0.1768,1.3518,2.3650,-0.3517,0.2941,0.3252
26.7902,0.7996,-0.1661,-1.3553,2.3880,0.3386,0.2861,-0.0077,-0.7912,-0.1753,1.3491,2.3665,-0.3517,0.2941,0.3248
26.8604,0.8007,-0.1641,-1.3507,2.3876,0.3405,0.2869,-0.0073,-0.7927,-0.1718,1.3472,2.3673,-0.3586,0.2949,0.3244
26.9198,0.8030,-0.1630,-1.3495,2.3880,0.3509,0.2876,-0.0073,-0.7954,-0.1707,1.3445,2.3688,-0.3616,0.2941,0.3244
26.9799,0.8034,-0.1618,-1.3472,2.3880,0.3567,0.2895,-0.0077,-0.7977,-0.1691,1.3418,2.3685,-0.3613,0.2972,0.3244
27.0501,0.8034,-0.1611,-1.3457,2.3884,0.3659,0.2907,-0.0077,-0.7973,-0.1657,1.3392,2.3692,-0.3804,0.2976,0.3241
27.1098,0.8050,-0.1599,-1.3430,2.3884,0.3705,0.2899,-0.0077,-0.7981,-0.1634,1.3365,2.3700,-0.3869,0.2976,0.3241
27.1800,0.8042,-0.1599,-1.3399,2.3880,0.3758,0.2930,-0.0069,-0.7988,-0.1603,1.3338,2.3704,-0.3912,0.2980,0.3244
27.2399,0.8050,-0.1584,-1.3380,2.3892,0.3804,0.2930,-0.0073,-0.7996,-0.1599,1.3300,2.3712,-0.3958,0.2972,0.3244
27.3100,0.8042,-0.1592,-1.3349,2.3884,0.3908,0.2930,-0.0073,-0.7996,-0.1572,1.3280,2.3708,-0.4073,0.2984,0.3233
27.3700,0.8042,-0.1595,-1.3315,2.3876,0.4008,0.2926,-0.0073,-0.8000,-0.1561,1.3238,2.3708,-0.4157,0.2980,0.3248
27.4306,0.8027,-0.1588,-1.3269,2.3865,0.4111,0.2934,-0.0081,-0.7992,-0.1545,1.3204,2.3712,-0.4261,0.3003,0.3233
27.4998,0.8015,-0.1592,-1.3234,2.3850,0.4172,0.2938,-0.0073,-0.7992,-0.1526,1.3142,2.3712,-0.4291,0.3010,0.3244
27.5599,0.7988,-0.1580,-1.3185,2.3838,0.4165,0.2953,-0.0081,-0.7996,-0.1503,1.3104,2.3700,-0.4303,0.3014,0.3248
27.6299,0.7965,-0.1584,-1.3165,2.3819,0.4295,0.2972,-0.0077,-0.7992,-0.1496,1.3058,2.3712,-0.4433,0.2999,0.3244
27.6900,0.7938,-0.1576,-1.3123,2.3804,0.4414,0.2987,-0.0073,-0.7992,-0.1484,1.3027,2.3704,-0.4556,0.3018,0.3241
27.7498,0.7915,-0.1565,-1.3070,2.3781,0.4610,0.3007,-0.0077,-0.7988,-0.1457,1.2985,2.3704,-0.4759,0.3049,0.3237
27.8200,0.7873,-0.1568,-1.3023,2.3761,0.4694,0.3014,-0.0081,-0.7981,-0.1442,1.2928,2.3700,-0.4817,0.3076,0.3252
27.8800,0.7858,-0.1534,-1.2993,2.3750,0.5008,0.3106,-0.0073,-0.7984,-0.1407,1.2897,2.3704,-0.5170,0.3125,0.3241
27.9500,0.7881,-0.1499,-1.2908,2.3750,0.5212,0.3137,-0.0077,-0.7984,-0.1361,1.2809,2.3696,-0.5380,0.3145,0.3241
28.0099,0.7892,-0.1450,-1.2862,2.3738,0.5327,0.3195,-0.0081,-0.7988,-0.1319,1.2755,2.3688,-0.5449,0.3187,0.3244
28.0700,0.7915,-0.1388,-1.2820,2.3750,0.5499,0.3229,-0.0077,-0.7984,-0.1273,1.2698,2.3692,-0.5641,0.3218,0.3244
28.1398,0.7954,-0.1315,-1.2755,2.3742,0.5557,0.3252,-0.0081,-0.7996,-0.1227,1.2640,2.3681,-0.5672,0.3241,0.3244
28.2001,0.7984,-0.1262,-1.2705,2.3746,0.5545,0.3275,-0.0081,-0.8000,-0.1189,1.2594,2.3685,-0.5676,0.3248,0.3244
28.2698,0.8023,-0.1231,-1.2667,2.3754,0.5549,0.3290,-0.0084,-0.8015,-0.1173,1.2552,2.3688,-0.5680,0.3252,0.3244
28.3300,0.8050,-0.1223,-1.2644,2.3761,0.5580,0.3306,-0.0077,-0.8027,-0.1170,1.2533,2.3685,-0.5703,0.3264,0.3241
28.3900,0.8069,-0.1204,-1.2640,2.3769,0.5764,0.3344,-0.0081,-0.8023,-0.1147,1.2513,2.3692,-0.5929,0.3317,0.3256
28.4601,0.8088,-0.1177,-1.2617,2.3784,0.5871,0.3394,-0.0081,-0.8038,-0.1135,1.2460,2.3685,-0.6036,0.3333,0.3241
28.5197,0.8107,-0.1166,-1.2582,2.3796,0.5864,0.3413,-0.0069,-0.8050,-0.1108,1.2425,2.3681,-0.6032,0.3344,0.3237
28.5899,0.8130,-0.1158,-1.2548,2.3807,0.5867,0.3417,-0.0077,-0.8053,-0.1097,1.2398,2.3681,-0.6029,0.3371,0.3237
28.6499,0.8161,-0.1150,-1.2536,2.3811,0.6029,0.3455,-0.0088,-0.8061,-0.1085,1.2375,2.3685,-0.6190,0.3405,0.3252
28.7200,0.8176,-0.1108,-1.2513,2.3819,0.6155,0.3486,-0.0081,-0.8099,-0.1062,1.2345,2.3673,-0.6301,0.3444,0.3241
28.7799,0.8218,-0.1085,-1.2494,2.3827,0.6324,0.3559,-0.0084,-0.8111,-0.1035,1.2303,2.3681,-0.6481,0.3490,0.3241
28.8400,0.8241,-0.1012,-1.2444,2.3823,0.6746,0.3670,-0.0073,-0.8138,-0.0982,1.2257,2.3665,-0.6922,0.3597,0.3244
28.9098,0.8299,-0.0943,-1.2314,2.3815,0.6949,0.3793,-0.0073,-0.8168,-0.0909,1.2118,2.3635,-0.7087,0.3747,0.3244
28.9703,0.8356,-0.0894,-1.2199,2.3819,0.6964,0.3908,-0.0073,-0.8184,-0.0878,1.1961,2.3612,-0.7095,0.3919,0.3248
29.0398,0.8414,-0.0871,-1.2046,2.3827,0.7037,0.4042,-0.0077,-0.8207,-0.0863,1.1781,2.3631,-0.7279,0.4126,0.3241
29.0999,0.8464,-0.0878,-1.1908,2.3834,0.7041,0.4195,-0.0077,-0.8222,-0.0867,1.1647,2.3612,-0.7267,0.4414,0.3252
29.1597,0.8506,-0.0878,-1.1789,2.3838,0.7049,0.4314,-0.0073,-0.8226,-0.0890,1.1474,2.3639,-0.7275,0.4464,0.3244
29.2320,0.8537,-0.0878,-1.1685,2.3846,0.7045,0.4479,-0.0077,-0.8257,-0.0886,1.1394,2.3631,-0.7248,0.4429,0.3248
29.2899,0.8560,-0.0882,-1.1643,2.3857,0.7160,0.4475,-0.0081,-0.8283,-0.0897,1.1351,2.3600,-0.7306,0.4399,0.3252
29.3600,0.8552,-0.0878,-1.1605,2.3853,0.7390,0.4456,-0.0069,-0.8295,-0.0886,1.1302,2.3573,-0.7528,0.4418,0.3252
29.4200,0.8544,-0.0871,-1.1570,2.3838,0.7566,0.4460,-0.0081,-0.8299,-0.0867,1.1256,2.3531,-0.7716,0.4456,0.3244
29.4798,0.8540,-0.0848,-1.1513,2.3823,0.7846,0.4475,-0.0077,-0.8283,-0.0832,1.1183,2.3466,-0.8007,0.4506,0.3248
29.5500,0.8529,-0.0809,-1.1428,2.3761,0.7908,0.4514,-0.0077,-0.8283,-0.0805,1.1083,2.3389,-0.8030,0.4571,0.3248
29.6101,0.8510,-0.0775,-1.1382,2.3719,0.7935,0.4564,-0.0077,-0.8264,-0.0767,1.1041,2.3336,-0.8042,0.4571,0.3244
29.6800,0.8502,-0.0736,-1.1336,2.3681,0.8149,0.4621,-0.0073,-0.8237,-0.0709,1.1006,2.3282,-0.8249,0.4590,0.3248
29.7400,0.8475,-0.0698,-1.1290,2.3627,0.8330,0.4625,-0.0077,-0.8214,-0.0671,1.0960,2.3224,-0.8414,0.4590,0.3244
29.8101,0.8418,-0.0621,-1.1183,2.3531,0.8571,0.4675,-0.0077,-0.8115,-0.0591,1.0864,2.3094,-0.8682,0.4648,0.3252
29.8700,0.8372,-0.0564,-1.1095,2.3451,0.8583,0.4698,-0.0077,-0.8027,-0.0510,1.0784,2.2998,-0.8678,0.4702,0.3256
29.9303,0.8307,-0.0522,-1.1025,2.3378,0.8709,0.4705,-0.0069,-0.7931,-0.0449,1.0726,2.2925,-0.8786,0.4686,0.3252
30.0000,0.8249,-0.0472,-1.0937,2.3293,0.8889,0.4725,-0.0077,-0.7819,-0.0399,1.0638,2.2833,-0.8947,0.4686,0.3256
30.0599,0.8157,-0.0460,-1.0849,2.3201,0.9039,0.4717,-0.0077,-0.7712,-0.0364,1.0558,2.2730,-0.9093,0.4675,0.3252
30.1299,0.8073,-0.0426,-1.0765,2.3109,0.9135,0.4721,-0.0077,-0.7589,-0.0322,1.0466,2.2615,-0.9154,0.4679,0.3248
30.1899,0.7977,-0.0395,-1.0669,2.2987,0.9273,0.4709,-0.0073,-0.7451,-0.0276,1.0389,2.2492,-0.9311,0.4679,0.3248
30.2500,0.7877,-0.0380,-1.0592,2.2898,0.9342,0.4713,-0.0081,-0.7332,-0.0249,1.0308,2.2396,-0.9353,0.4679,0.3252
30.3199,0.7747,-0.0341,-1.0508,2.2783,0.9465,0.4709,-0.0077,-0.7171,-0.0184,1.0228,2.2266,-0.9484,0.4663,0.3256
30.3799,0.7647,-0.0330,-1.0443,2.2703,0.9507,0.4721,-0.0073,-0.7060,-0.0157,1.0155,2.2170,-0.9518,0.4675,0.3252
30.4500,0.7532,-0.0291,-1.0351,2.2580,0.9511,0.4705,-0.0077,-0.6903,-0.0127,1.0071,2.2047,-0.9522,0.4663,0.3252
30.5111,0.7459,-0.0280,-1.0308,2.2523,0.9603,0.4717,-0.0077,-0.6811,-0.0100,1.0025,2.1990,-0.9599,0.4667,0.3252
30.5701,0.7382,-0.0272,-1.0247,2.2454,0.9672,0.4705,-0.0073,-0.6727,-0.0081,0.9990,2.1909,-0.9676,0.4659,0.3256
30.6399,0.7279,-0.0265,-1.0182,2.2346,0.9798,0.4713,-0.0077,-0.6623,-0.0035,0.9902,2.1794,-0.9814,0.4663,0.3256
30.7000,0.7164,-0.0245,-1.0094,2.2235,0.9883,0.4713,-0.0077,-0.6504,-0.0004,0.9829,2.1679,-0.9875,0.4671,0.3252
30.7699,0.7022,-0.0226,-1.0002,2.2108,0.9959,0.4705,-0.0069,-0.6366,0.0046,0.9741,2.1549,-0.9956,0.4667,0.3264
30.8300,0.6911,-0.0215,-0.9948,2.1997,1.0028,0.4705,-0.0077,-0.6251,0.0104,0.9676,2.1445,-1.0021,0.4659,0.3252
30.9002,0.6738,-0.0169,-0.9821,2.1817,1.0147,0.4629,-0.0073,-0.6067,0.0173,0.9587,2.1269,-1.0163,0.4629,0.3256
30.9600,0.6604,-0.0138,-0.9756,2.1687,1.0232,0.4613,-0.0077,-0.5937,0.0253,0.9511,2.1131,-1.0205,0.4556,0.3252
31.0200,0.6439,-0.0100,-0.9664,2.1537,1.0274,0.4525,-0.0081,-0.5772,0.0326,0.9453,2.0981,-1.0258,0.4594,0.3260
31.0899,0.6262,-0.0069,-0.9587,2.1361,1.0289,0.4468,-0.0081,-0.5607,0.0414,0.9361,2.0824,-1.0316,0.4475,0.3256
31.1497,0.6132,-0.0035,-0.9507,2.1223,1.0289,0.4433,-0.0073,-0.5469,0.0495,0.9315,2.0686,-1.0347,0.4445,0.3252
31.2207,0.5998,-0.0019,-0.9453,2.1100,1.0305,0.4414,-0.0077,-0.5365,0.0560,0.9254,2.0567,-1.0354,0.4418,0.3256
31.2799,0.5913,-0.0004,-0.9419,2.1031,1.0347,0.4426,-0.0077,-0.5300,0.0575,0.9231,2.0509,-1.0347,0.4495,0.3256
31.3398,0.5833,-0.0008,-0.9388,2.0954,1.0374,0.4353,-0.0077,-0.5223,0.0598,0.9196,2.0444,-1.0358,0.4498,0.3260
31.4098,0.5764,0.0008,-0.9380,2.0862,1.0385,0.4330,-0.0081,-0.5177,0.0633,0.9173,2.0390,-1.0370,0.4449,0.3267
31.4699,0.5703,0.0015,-0.9353,2.0805,1.0377,0.4314,-0.0073,-0.5100,0.0644,0.9139,2.0321,-1.0377,0.4387,0.3256
31.5398,0.5649,0.0012,-0.9350,2.0774,1.0377,0.4314,-0.0081,-0.5062,0.0667,0.9139,2.0295,-1.0381,0.4380,0.3264
31.5998,0.5626,0.0012,-0.9350,2.0762,1.0381,0.4318,-0.0081,-0.5035,0.0656,0.9139,2.0298,-1.0377,0.4418,0.3275
31.6600,0.5622,0.0015,-0.9346,2.0762,1.0381,0.4318,-0.0077,-0.5035,0.0660,0.9135,2.0295,-1.0370,0.4460,0.3256
31.7313,0.5599,0.0019,-0.9315,2.0720,1.0377,0.4249,-0.0077,-0.5024,0.0679,0.9120,2.0252,-1.0381,0.4410,0.3260
31.7899,0.5557,0.0023,-0.9284,2.0640,1.0377,0.4165,-0.0073,-0.5012,0.0721,0.9104,2.0172,-1.0377,0.4322,0.3260
31.8600,0.5469,0.0038,-0.9284,2.0532,1.0381,0.4130,-0.0077,-0.4947,0.0767,0.9093,2.0091,-1.0374,0.4284,0.3267
31.9199,0.5384,0.0038,-0.9277,2.0494,1.0389,0.4092,-0.0077,-0.4886,0.0798,0.9070,2.0045,-1.0381,0.4215,0.3256
31.9899,0.5262,0.0042,-0.9238,2.0387,1.0377,0.3981,-0.0077,-0.4775,0.0836,0.9047,1.9957,-1.0385,0.4222,0.3260
