time,left_s0,left_s1,left_e0,left_e1,left_w0,left_w1,left_w2,right_s0,right_s1,right_e0,right_e1,right_w0,right_w1,right_w2
0.0000,0.1515,-0.2301,-1.3488,1.6364,-0.0982,0.1396,0.0065,-0.1331,-0.2466,1.3564,1.6207,0.0959,0.1381,0.2880
0.0400,0.1511,-0.2320,-1.3484,1.6371,-0.1009,0.1377,0.0069,-0.1319,-0.2462,1.3553,1.6207,0.0997,0.1384,0.2876
0.0898,0.1496,-0.2320,-1.3480,1.6368,-0.1035,0.1373,0.0061,-0.1323,-0.2489,1.3553,1.6210,0.1020,0.1384,0.2876
0.1402,0.1484,-0.2328,-1.3488,1.6375,-0.1039,0.1373,0.0061,-0.1323,-0.2500,1.3557,1.6214,0.1032,0.1384,0.2884
0.1898,0.1480,-0.2343,-1.3476,1.6387,-0.1035,0.1377,0.0061,-0.1315,-0.2508,1.3553,1.6226,0.1035,0.1384,0.2888
0.2402,0.1476,-0.2343,-1.3488,1.6383,-0.1035,0.1377,0.0061,-0.1319,-0.2504,1.3549,1.6218,0.1039,0.1384,0.2884
0.2800,0.1465,-0.2339,-1.3480,1.6387,-0.1032,0.1377,0.0069,-0.1319,-0.2504,1.3557,1.6218,0.1047,0.1384,0.2876
0.3298,0.1469,-0.2347,-1.3480,1.6394,-0.1035,0.1381,0.0065,-0.1319,-0.2508,1.3549,1.6222,0.1043,0.1381,0.2884
0.3801,0.1476,-0.2347,-1.3472,1.6398,-0.1039,0.1384,0.0069,-0.1323,-0.2500,1.3549,1.6226,0.1051,0.1396,0.2892
0.4299,0.1473,-0.2351,-1.3472,1.6398,-0.1039,0.1373,0.0069,-0.1327,-0.2508,1.3541,1.6230,0.1043,0.1396,0.2880
0.4800,0.1469,-0.2347,-1.3480,1.6394,-0.1028,0.1377,0.0061,-0.1319,-0.2508,1.3537,1.6230,0.1039,0.1377,0.2880
0.5201,0.1473,-0.2339,-1.3476,1.6398,-0.1043,0.1369,0.0073,-0.1319,-0.2497,1.3537,1.6230,0.1039,0.1384,0.2880
0.5700,0.1473,-0.2343,-1.3476,1.6394,-0.1039,0.1373,0.0065,-0.1323,-0.2516,1.3537,1.6226,0.1043,0.1392,0.2872
0.6198,0.1469,-0.2347,-1.3472,1.6398,-0.1043,0.1377,0.0065,-0.1323,-0.2508,1.3541,1.6230,0.1043,0.1377,0.2876
0.6713,0.1473,-0.2343,-1.3472,1.6402,-0.1039,0.1373,0.0065,-0.1319,-0.2508,1.3541,1.6230,0.1039,0.1381,0.2884
0.7201,0.1476,-0.2339,-1.3476,1.6402,-0.1043,0.1377,0.0069,-0.1315,-0.2512,1.3530,1.6230,0.1043,0.1384,0.2880
0.7601,0.1469,-0.2347,-1.3488,1.6398,-0.1032,0.1381,0.0061,-0.1315,-0.2504,1.3537,1.6226,0.1043,0.1384,0.2876
0.8101,0.1476,-0.2351,-1.3480,1.6398,-0.1039,0.1377,0.0065,-0.1323,-0.2512,1.3534,1.6230,0.1043,0.1384,0.2876
0.8600,0.1476,-0.2343,-1.3476,1.6394,-0.1039,0.1377,0.0065,-0.1315,-0.2508,1.3545,1.6222,0.1039,0.1384,0.2884
0.9125,0.1476,-0.2343,-1.3476,1.6402,-0.1039,0.1381,0.0065,-0.1312,-0.2508,1.3537,1.6230,0.1039,0.1377,0.2880
0.9600,0.1473,-0.2347,-1.3472,1.6394,-0.1043,0.1377,0.0061,-0.1319,-0.2508,1.3537,1.6226,0.1039,0.1381,0.2884
1.0000,0.1473,-0.2335,-1.3480,1.6398,-0.1035,0.1377,0.0061,-0.1312,-0.2504,1.3541,1.6230,0.1043,0.1388,0.2888
1.0499,0.1480,-0.2339,-1.3484,1.6394,-0.1047,0.1377,0.0061,-0.1315,-0.2508,1.3541,1.6226,0.1043,0.1381,0.2880
1.1000,0.1476,-0.2351,-1.3480,1.6398,-0.1043,0.1377,0.0065,-0.1323,-0.2504,1.3537,1.6230,0.1043,0.1384,0.2884
1.1500,0.1480,-0.2343,-1.3476,1.6402,-0.1028,0.1381,0.0065,-0.1312,-0.2508,1.3545,1.6230,0.1039,0.1377,0.2884
1.1999,0.1480,-0.2343,-1.3480,1.6391,-0.1047,0.1377,0.0058,-0.1312,-0.2512,1.3534,1.6230,0.1035,0.1384,0.2872
1.2399,0.1484,-0.2343,-1.3480,1.6398,-0.1043,0.1381,0.0065,-0.1319,-0.2504,1.3541,1.6226,0.1039,0.1384,0.2888
1.2899,0.1473,-0.2339,-1.3476,1.6394,-0.1047,0.1381,0.0065,-0.1312,-0.2500,1.3541,1.6230,0.1043,0.1377,0.2876
1.3399,0.1480,-0.2347,-1.3480,1.6398,-0.1047,0.1381,0.0065,-0.1315,-0.2508,1.3541,1.6226,0.1039,0.1384,0.2880
1.3900,0.1480,-0.2332,-1.3472,1.6398,-0.1047,0.1381,0.0065,-0.1312,-0.2504,1.3545,1.6230,0.1043,0.1377,0.2884
1.4401,0.1476,-0.2347,-1.3480,1.6394,-0.1035,0.1377,0.0069,-0.1315,-0.2508,1.3541,1.6230,0.1039,0.1384,0.2876
1.4900,0.1476,-0.2335,-1.3480,1.6402,-0.1043,0.1381,0.0058,-0.1319,-0.2504,1.3537,1.6226,0.1039,0.1388,0.2876
1.5301,0.1484,-0.2335,-1.3480,1.6398,-0.1051,0.1384,0.0061,-0.1315,-0.2497,1.3545,1.6230,0.1043,0.1384,0.2884
1.5798,0.1484,-0.2343,-1.3480,1.6402,-0.1047,0.1384,0.0065,-0.1319,-0.2500,1.3534,1.6226,0.1039,0.1384,0.2888
1.6300,0.1488,-0.2324,-1.3476,1.6398,-0.1043,0.1384,0.0058,-0.1315,-0.2504,1.3541,1.6230,0.1043,0.1384,0.2880
1.6800,0.1492,-0.2335,-1.3472,1.6398,-0.1035,0.1396,0.0061,-0.1319,-0.2504,1.3541,1.6226,0.1039,0.1384,0.2880
1.7300,0.1484,-0.2324,-1.3476,1.6398,-0.1039,0.1411,0.0065,-0.1315,-0.2504,1.3537,1.6230,0.1043,0.1381,0.2884
1.7706,0.1484,-0.2335,-1.3476,1.6394,-0.1043,0.1404,0.0065,-0.1319,-0.2500,1.3537,1.6226,0.1039,0.1384,0.2880
1.8200,0.1484,-0.2332,-1.3476,1.6402,-0.1043,0.1407,0.0061,-0.1315,-0.2516,1.3545,1.6230,0.1039,0.1384,0.2876
1.8699,0.1496,-0.2328,-1.3472,1.6402,-0.1043,0.1407,0.0065,-0.1319,-0.2512,1.3534,1.6226,0.1043,0.1381,0.2872
1.9201,0.1496,-0.2328,-1.3472,1.6391,-0.1043,0.1411,0.0069,-0.1319,-0.2497,1.3541,1.6226,0.1043,0.1384,0.2880
1.9714,0.1492,-0.2328,-1.3472,1.6402,-0.1043,0.1407,0.0065,-0.1315,-0.2500,1.3545,1.6230,0.1039,0.1384,0.2876
2.0099,0.1499,-0.2324,-1.3476,1.6402,-0.1032,0.1404,0.0061,-0.1312,-0.2500,1.3541,1.6226,0.1039,0.1381,0.2884
2.0600,0.1488,-0.2324,-1.3476,1.6398,-0.1043,0.1411,0.0069,-0.1312,-0.2497,1.3541,1.6230,0.1047,0.1384,0.2880
2.1106,0.1496,-0.2320,-1.3480,1.6402,-0.1043,0.1400,0.0065,-0.1312,-0.2504,1.3541,1.6230,0.1035,0.1384,0.2884
2.1598,0.1499,-0.2316,-1.3472,1.6398,-0.1051,0.1415,0.0061,-0.1319,-0.2497,1.3541,1.6226,0.1039,0.1384,0.2880
2.2098,0.1496,-0.2324,-1.3476,1.6394,-0.1039,0.1415,0.0065,-0.1319,-0.2500,1.3537,1.6222,0.1047,0.1381,0.2876
2.2500,0.1499,-0.2328,-1.3476,1.6394,-0.1051,0.1415,0.0065,-0.1319,-0.2489,1.3537,1.6218,0.1043,0.1388,0.2880
2.3000,0.1507,-0.2320,-1.3476,1.6391,-0.1032,0.1415,0.0073,-0.1319,-0.2500,1.3545,1.6230,0.1043,0.1384,0.2888
2.3502,0.1499,-0.2316,-1.3476,1.6394,-0.1043,0.1415,0.0065,-0.1319,-0.2493,1.3549,1.6222,0.1039,0.1388,0.2880
2.3999,0.1499,-0.2312,-1.3480,1.6394,-0.1051,0.1411,0.0061,-0.1323,-0.2485,1.3545,1.6226,0.1047,0.1384,0.2884
2.4502,0.1507,-0.2301,-1.3480,1.6394,-0.1043,0.1419,0.0061,-0.1323,-0.2481,1.3537,1.6214,0.1043,0.1396,0.2880
2.4900,0.1496,-0.2309,-1.3480,1.6394,-0.1039,0.1419,0.0065,-0.1323,-0.2485,1.3549,1.6214,0.1043,0.1377,0.2884
2.5399,0.1507,-0.2305,-1.3472,1.6394,-0.1039,0.1411,0.0058,-0.1323,-0.2489,1.3545,1.6214,0.1047,0.1384,0.2880
2.5900,0.1503,-0.2312,-1.3476,1.6398,-0.1051,0.1411,0.0061,-0.1319,-0.2481,1.3541,1.6207,0.1039,0.1384,0.2884
2.6399,0.1507,-0.2312,-1.3476,1.6398,-0.1047,0.1423,0.0069,-0.1315,-0.2477,1.3541,1.6207,0.1043,0.1384,0.2880
2.6900,0.1507,-0.2293,-1.3476,1.6391,-0.1047,0.1423,0.0065,-0.1315,-0.2481,1.3545,1.6214,0.1039,0.1377,0.2876
2.7400,0.1503,-0.2312,-1.3465,1.6387,-0.1197,0.1415,0.0065,-0.1319,-0.2489,1.3541,1.6203,0.1185,0.1388,0.2880
2.7799,0.1496,-0.2335,-1.3465,1.6391,-0.1507,0.1407,0.0061,-0.1319,-0.2497,1.3537,1.6207,0.1503,0.1373,0.2880
2.8298,0.1492,-0.2374,-1.3461,1.6387,-0.1948,0.1404,0.0069,-0.1323,-0.2527,1.3534,1.6199,0.1937,0.1373,0.2876
2.8799,0.1488,-0.2451,-1.3457,1.6383,-0.2366,0.1400,0.0061,-0.1315,-0.2604,1.3530,1.6207,0.2362,0.1338,0.2880
2.9298,0.1476,-0.2543,-1.3465,1.6371,-0.2661,0.1396,0.0069,-0.1312,-0.2700,1.3530,1.6210,0.2661,0.1254,0.2880
2.9800,0.1480,-0.2661,-1.3484,1.6348,-0.2707,0.1392,0.0061,-0.1308,-0.2819,1.3549,1.6180,0.2707,0.1281,0.2876
3.0199,0.1461,-0.2753,-1.3507,1.6329,-0.2688,0.1407,0.0065,-0.1308,-0.2918,1.3564,1.6164,0.2700,0.1304,0.2880
3.0701,0.1438,-0.2834,-1.3553,1.6310,-0.2673,0.1396,0.0065,-0.1289,-0.3026,1.3576,1.6149,0.2707,0.1308,0.2888
3.1200,0.1411,-0.2918,-1.3564,1.6318,-0.2865,0.1404,0.0069,-0.1266,-0.3087,1.3603,1.6137,0.2869,0.1296,0.2880
3.1700,0.1388,-0.3022,-1.3580,1.6314,-0.3260,0.1396,0.0058,-0.1235,-0.3191,1.3599,1.6157,0.3260,0.1308,0.2869
3.2199,0.1365,-0.3152,-1.3595,1.6333,-0.3705,0.1384,0.0069,-0.1212,-0.3287,1.3606,1.6168,0.3697,0.1312,0.2888
3.2598,0.1327,-0.3252,-1.3633,1.6356,-0.4004,0.1373,0.0061,-0.1185,-0.3371,1.3614,1.6176,0.4027,0.1277,0.2880
3.3102,0.1300,-0.3390,-1.3702,1.6364,-0.4126,0.1365,0.0065,-0.1154,-0.3513,1.3622,1.6195,0.4257,0.1246,0.2872
3.3600,0.1277,-0.3559,-1.3767,1.6379,-0.4134,0.1338,0.0069,-0.1135,-0.3636,1.3691,1.6207,0.4264,0.1227,0.2880
3.4101,0.1262,-0.3670,-1.3837,1.6429,-0.4180,0.1304,0.0065,-0.1124,-0.3754,1.3752,1.6253,0.4318,0.1204,0.2880
3.4599,0.1231,-0.3774,-1.3883,1.6452,-0.4199,0.1273,0.0065,-0.1112,-0.3850,1.3806,1.6283,0.4345,0.1204,0.2880
3.4998,0.1216,-0.3850,-1.3929,1.6486,-0.4207,0.1254,0.0061,-0.1104,-0.3927,1.3833,1.6329,0.4372,0.1197,0.2880
3.5499,0.1223,-0.3892,-1.3982,1.6529,-0.4203,0.1250,0.0061,-0.1101,-0.4011,1.3898,1.6368,0.4372,0.1212,0.2880
3.6000,0.1231,-0.3946,-1.4017,1.6552,-0.4245,0.1273,0.0061,-0.1089,-0.4054,1.3925,1.6387,0.4406,0.1200,0.2876
3.6503,0.1235,-0.3988,-1.4032,1.6575,-0.4330,0.1281,0.0073,-0.1089,-0.4107,1.3932,1.6406,0.4487,0.1189,0.2884
3.7015,0.1239,-0.4011,-1.4044,1.6594,-0.4345,0.1258,0.0065,-0.1085,-0.4126,1.3944,1.6417,0.4487,0.1166,0.2880
3.7399,0.1254,-0.4038,-1.4044,1.6613,-0.4353,0.1254,0.0065,-0.1097,-0.4130,1.3944,1.6437,0.4502,0.1166,0.2876
3.7900,0.1277,-0.4042,-1.4044,1.6625,-0.4395,0.1262,0.0065,-0.1116,-0.4130,1.3944,1.6448,0.4533,0.1162,0.2880
3.8399,0.1296,-0.4057,-1.4036,1.6636,-0.4456,0.1258,0.0073,-0.1139,-0.4134,1.3948,1.6460,0.4625,0.1158,0.2880
3.8898,0.1315,-0.4069,-1.4047,1.6636,-0.4472,0.1262,0.0069,-0.1158,-0.4149,1.3944,1.6463,0.4629,0.1189,0.2880
3.9399,0.1327,-0.4073,-1.4055,1.6636,-0.4472,0.1262,0.0065,-0.1181,-0.4146,1.3944,1.6467,0.4633,0.1208,0.2880
3.9899,0.1335,-0.4080,-1.4047,1.6651,-0.4472,0.1266,0.0065,-0.1197,-0.4157,1.3940,1.6483,0.4636,0.1220,0.2884
4.0298,0.1346,-0.4092,-1.4063,1.6640,-0.4472,0.1262,0.0061,-0.1212,-0.4149,1.3940,1.6475,0.4636,0.1223,0.2888
4.0800,0.1361,-0.4100,-1.4055,1.6648,-0.4514,0.1269,0.0058,-0.1223,-0.4157,1.3944,1.6486,0.4694,0.1227,0.2884
4.1299,0.1361,-0.4100,-1.4044,1.6632,-0.4617,0.1289,0.0061,-0.1223,-0.4172,1.3944,1.6490,0.4767,0.1254,0.2876
4.1802,0.1365,-0.4111,-1.4055,1.6640,-0.4636,0.1289,0.0065,-0.1235,-0.4180,1.3948,1.6483,0.4767,0.1266,0.2880
4.2299,0.1369,-0.4134,-1.4059,1.6644,-0.4625,0.1292,0.0065,-0.1235,-0.4199,1.3955,1.6490,0.4775,0.1277,0.2880
4.2700,0.1369,-0.4146,-1.4059,1.6644,-0.4633,0.1292,0.0058,-0.1235,-0.4222,1.3944,1.6490,0.4782,0.1289,0.2880
4.3200,0.1384,-0.4157,-1.4047,1.6640,-0.4629,0.1296,0.0061,-0.1243,-0.4230,1.3948,1.6490,0.4775,0.1296,0.2884
4.3698,0.1377,-0.4184,-1.4055,1.6644,-0.4636,0.1304,0.0065,-0.1239,-0.4234,1.3948,1.6486,0.4775,0.1296,0.2884
4.4198,0.1384,-0.4176,-1.4055,1.6648,-0.4633,0.1331,0.0065,-0.1254,-0.4238,1.3955,1.6490,0.4778,0.1285,0.2876
4.4698,0.1377,-0.4172,-1.4059,1.6644,-0.4640,0.1327,0.0065,-0.1250,-0.4238,1.3955,1.6490,0.4782,0.1296,0.2876
4.5101,0.1392,-0.4176,-1.4047,1.6644,-0.4625,0.1331,0.0065,-0.1250,-0.4238,1.3955,1.6483,0.4778,0.1300,0.2880
4.5599,0.1384,-0.4176,-1.4063,1.6640,-0.4629,0.1331,0.0069,-0.1254,-0.4234,1.3959,1.6490,0.4775,0.1300,0.2876
4.6101,0.1384,-0.4172,-1.4055,1.6636,-0.4633,0.1331,0.0065,-0.1250,-0.4241,1.3955,1.6494,0.4778,0.1300,0.2872
4.6600,0.1388,-0.4180,-1.4055,1.6640,-0.4679,0.1327,0.0065,-0.1262,-0.4253,1.3959,1.6498,0.4824,0.1292,0.2876
4.7100,0.1404,-0.4199,-1.4070,1.6655,-0.4748,0.1331,0.0069,-0.1277,-0.4268,1.3963,1.6521,0.4920,0.1296,0.2888
4.7501,0.1411,-0.4215,-1.4070,1.6678,-0.4752,0.1331,0.0061,-0.1289,-0.4284,1.3948,1.6536,0.4924,0.1296,0.2880
4.7999,0.1434,-0.4234,-1.4105,1.6686,-0.4767,0.1331,0.0069,-0.1315,-0.4299,1.3967,1.6563,0.4943,0.1292,0.2876
4.8498,0.1457,-0.4261,-1.4120,1.6701,-0.4759,0.1323,0.0065,-0.1331,-0.4326,1.3986,1.6575,0.4943,0.1304,0.2876
4.8998,0.1484,-0.4272,-1.4147,1.6709,-0.4755,0.1335,0.0069,-0.1358,-0.4337,1.3986,1.6575,0.4936,0.1308,0.2880
4.9498,0.1492,-0.4318,-1.4162,1.6701,-0.4775,0.1315,0.0065,-0.1377,-0.4345,1.4009,1.6586,0.4943,0.1312,0.2876
4.9899,0.1511,-0.4318,-1.4159,1.6709,-0.4778,0.1335,0.0061,-0.1384,-0.4357,1.4013,1.6602,0.4955,0.1315,0.2884
5.0399,0.1522,-0.4310,-1.4159,1.6709,-0.4778,0.1331,0.0065,-0.1400,-0.4353,1.4013,1.6594,0.4959,0.1323,0.2872
5.0898,0.1526,-0.4310,-1.4162,1.6713,-0.4778,0.1335,0.0065,-0.1404,-0.4353,1.4009,1.6594,0.4951,0.1315,0.2880
5.1399,0.1526,-0.4318,-1.4166,1.6720,-0.4786,0.1335,0.0069,-0.1404,-0.4357,1.4021,1.6598,0.4959,0.1327,0.2880
5.1900,0.1515,-0.4314,-1.4182,1.6728,-0.4801,0.1338,0.0065,-0.1404,-0.4364,1.4013,1.6598,0.4959,0.1331,0.2884
5.2402,0.1538,-0.4345,-1.4182,1.6747,-0.4874,0.1331,0.0069,-0.1415,-0.4376,1.4028,1.6625,0.5024,0.1323,0.2884
5.2800,0.1553,-0.4337,-1.4189,1.6770,-0.4909,0.1331,0.0069,-0.1430,-0.4380,1.4032,1.6640,0.5058,0.1327,0.2880
5.3300,0.1545,-0.4357,-1.4185,1.6743,-0.5028,0.1442,0.0069,-0.1438,-0.4399,1.4028,1.6628,0.5181,0.1419,0.2876
5.3800,0.1549,-0.4380,-1.4189,1.6728,-0.5089,0.1507,0.0065,-0.1457,-0.4437,1.4036,1.6609,0.5239,0.1503,0.2876
5.4300,0.1538,-0.4403,-1.4201,1.6667,-0.5135,0.1638,0.0069,-0.1461,-0.4472,1.4017,1.6548,0.5285,0.1657,0.2876
5.4802,0.1530,-0.4406,-1.4174,1.6594,-0.5170,0.1756,0.0065,-0.1461,-0.4495,1.4024,1.6467,0.5311,0.1783,0.2884
5.5200,0.1507,-0.4418,-1.4182,1.6536,-0.5181,0.1795,0.0061,-0.1469,-0.4510,1.4028,1.6433,0.5319,0.1845,0.2884
5.5701,0.1473,-0.4437,-1.4151,1.6437,-0.5196,0.1856,0.0065,-0.1453,-0.4521,1.4005,1.6341,0.5361,0.1898,0.2872
5.6201,0.1427,-0.4433,-1.4113,1.6314,-0.5216,0.1987,0.0058,-0.1411,-0.4537,1.3975,1.6237,0.5388,0.2052,0.2876
5.6700,0.1358,-0.4422,-1.4044,1.6187,-0.5254,0.2155,0.0058,-0.1361,-0.4552,1.3940,1.6122,0.5411,0.2232,0.2876
5.7198,0.1250,-0.4422,-1.3959,1.6019,-0.5269,0.2312,0.0065,-0.1285,-0.4548,1.3860,1.5965,0.5434,0.2405,0.2884
5.7600,0.1204,-0.4422,-1.3894,1.5930,-0.5277,0.2405,0.0061,-0.1235,-0.4560,1.3825,1.5881,0.5434,0.2497,0.2876
5.8100,0.1104,-0.4395,-1.3817,1.5785,-0.5269,0.2554,0.0069,-0.1158,-0.4552,1.3760,1.5742,0.5449,0.2635,0.2876
5.8598,0.1016,-0.4387,-1.3737,1.5673,-0.5273,0.2615,0.0069,-0.1089,-0.4560,1.3691,1.5643,0.5461,0.2696,0.2880
5.9116,0.0940,-0.4353,-1.3664,1.5585,-0.5288,0.2631,0.0061,-0.1028,-0.4552,1.3626,1.5555,0.5484,0.2707,0.2876
5.9598,0.0851,-0.4330,-1.3560,1.5474,-0.5285,0.2631,0.0069,-0.0947,-0.4548,1.3560,1.5436,0.5480,0.2696,0.2876
5.9999,0.0802,-0.4310,-1.3514,1.5409,-0.5292,0.2627,0.0061,-0.0901,-0.4544,1.3522,1.5382,0.5472,0.2692,0.2876
6.0498,0.0748,-0.4280,-1.3484,1.5367,-0.5285,0.2627,0.0069,-0.0851,-0.4552,1.3491,1.5336,0.5476,0.2692,0.2872
6.0999,0.0721,-0.4253,-1.3449,1.5344,-0.5281,0.2623,0.0061,-0.0809,-0.4537,1.3465,1.5301,0.5480,0.2688,0.2888
6.1501,0.0713,-0.4253,-1.3422,1.5336,-0.5288,0.2646,0.0061,-0.0798,-0.4537,1.3453,1.5317,0.5480,0.2711,0.2872
6.1999,0.0709,-0.4253,-1.3415,1.5336,-0.5285,0.2646,0.0065,-0.0794,-0.4548,1.3457,1.5309,0.5476,0.2727,0.2876
6.2401,0.0717,-0.4234,-1.3415,1.5332,-0.5288,0.2646,0.0061,-0.0790,-0.4544,1.3453,1.5309,0.5480,0.2734,0.2876
6.2900,0.0713,-0.4253,-1.3411,1.5313,-0.5300,0.2707,0.0065,-0.0794,-0.4544,1.3442,1.5278,0.5480,0.2773,0.2884
6.3399,0.0709,-0.4241,-1.3384,1.5267,-0.5308,0.2796,0.0058,-0.0794,-0.4537,1.3415,1.5248,0.5476,0.2884,0.2876
6.3898,0.0706,-0.4226,-1.3369,1.5236,-0.5327,0.2842,0.0061,-0.0798,-0.4544,1.3399,1.5209,0.5488,0.2972,0.2876
6.4401,0.0702,-0.4241,-1.3346,1.5190,-0.5327,0.2861,0.0061,-0.0790,-0.4541,1.3365,1.5183,0.5492,0.2968,0.2876
6.4902,0.0706,-0.4238,-1.3326,1.5171,-0.5331,0.2876,0.0061,-0.0786,-0.4544,1.3346,1.5144,0.5499,0.2964,0.2880
6.5300,0.0702,-0.4234,-1.3296,1.5137,-0.5380,0.2953,0.0061,-0.0786,-0.4548,1.3319,1.5117,0.5565,0.3030,0.2884
6.5800,0.0702,-0.4230,-1.3277,1.5094,-0.5430,0.3003,0.0065,-0.0794,-0.4544,1.3303,1.5079,0.5611,0.3083,0.2884
6.6298,0.0713,-0.4226,-1.3265,1.5075,-0.5438,0.3003,0.0073,-0.0798,-0.4548,1.3296,1.5064,0.5611,0.3091,0.2880
6.6800,0.0702,-0.4222,-1.3242,1.5041,-0.5449,0.2999,0.0069,-0.0786,-0.4552,1.3296,1.5037,0.5614,0.3091,0.2876
6.7301,0.0694,-0.4234,-1.3211,1.5010,-0.5511,0.3102,0.0065,-0.0794,-0.4560,1.3277,1.4998,0.5668,0.3206,0.2884
6.7699,0.0694,-0.4234,-1.3200,1.4983,-0.5522,0.3168,0.0065,-0.0790,-0.4548,1.3273,1.4964,0.5683,0.3275,0.2876
6.8198,0.0702,-0.4249,-1.3177,1.4949,-0.5526,0.3179,0.0065,-0.0786,-0.4564,1.3257,1.4956,0.5695,0.3290,0.2876
6.8700,0.0686,-0.4241,-1.3162,1.4929,-0.5545,0.3195,0.0065,-0.0790,-0.4560,1.3254,1.4945,0.5722,0.3290,0.2884
6.9199,0.0698,-0.4253,-1.3135,1.4906,-0.5614,0.3244,0.0065,-0.0794,-0.4571,1.3238,1.4914,0.5779,0.3336,0.2872
6.9699,0.0694,-0.4253,-1.3116,1.4876,-0.5626,0.3260,0.0061,-0.0786,-0.4575,1.3223,1.4899,0.5802,0.3363,0.2880
7.0099,0.0679,-0.4264,-1.3093,1.4864,-0.5626,0.3294,0.0061,-0.0786,-0.4594,1.3215,1.4895,0.5802,0.3371,0.2880
7.0598,0.0679,-0.4295,-1.3085,1.4849,-0.5626,0.3298,0.0065,-0.0782,-0.4610,1.3204,1.4883,0.5802,0.3371,0.2884
7.1100,0.0679,-0.4299,-1.3073,1.4849,-0.5630,0.3294,0.0073,-0.0794,-0.4633,1.3200,1.4876,0.5810,0.3367,0.2876
7.1598,0.0660,-0.4333,-1.3054,1.4818,-0.5691,0.3379,0.0069,-0.0786,-0.4652,1.3169,1.4857,0.5871,0.3467,0.2876
7.2100,0.0667,-0.4353,-1.3039,1.4795,-0.5729,0.3421,0.0069,-0.0790,-0.4675,1.3158,1.4849,0.5890,0.3567,0.2880
7.2500,0.0667,-0.4357,-1.3043,1.4784,-0.5741,0.3448,0.0065,-0.0782,-0.4682,1.3150,1.4837,0.5894,0.3593,0.2880
7.3000,0.0648,-0.4395,-1.3023,1.4753,-0.5810,0.3513,0.0065,-0.0794,-0.4717,1.3123,1.4818,0.5963,0.3643,0.2872
7.3499,0.0625,-0.4414,-1.3004,1.4730,-0.5833,0.3536,0.0061,-0.0782,-0.4755,1.3112,1.4807,0.5979,0.3666,0.2869
7.3999,0.0621,-0.4441,-1.2993,1.4711,-0.5856,0.3563,0.0069,-0.0782,-0.4786,1.3093,1.4788,0.6009,0.3670,0.2880
7.4500,0.0625,-0.4472,-1.2974,1.4692,-0.5875,0.3578,0.0065,-0.0794,-0.4813,1.3081,1.4784,0.6013,0.3682,0.2884
7.4900,0.0621,-0.4472,-1.2966,1.4669,-0.5921,0.3632,0.0065,-0.0794,-0.4844,1.3070,1.4761,0.6071,0.3739,0.2876
7.5399,0.0617,-0.4487,-1.2954,1.4661,-0.5940,0.3666,0.0065,-0.0794,-0.4867,1.3062,1.4749,0.6094,0.3777,0.2876
7.5898,0.0610,-0.4491,-1.2928,1.4642,-0.5948,0.3685,0.0069,-0.0786,-0.4897,1.3047,1.4730,0.6094,0.3816,0.2884
7.6401,0.0606,-0.4514,-1.2924,1.4630,-0.5956,0.3682,0.0065,-0.0790,-0.4916,1.3039,1.4730,0.6098,0.3820,0.2876
7.6900,0.0602,-0.4521,-1.2905,1.4611,-0.6006,0.3743,0.0065,-0.0790,-0.4939,1.3039,1.4719,0.6147,0.3869,0.2876
7.7400,0.0606,-0.4533,-1.2897,1.4592,-0.6040,0.3785,0.0069,-0.0790,-0.4959,1.3035,1.4707,0.6159,0.3904,0.2880
7.7800,0.0602,-0.4560,-1.2882,1.4573,-0.6048,0.3793,0.0065,-0.0786,-0.4974,1.3031,1.4699,0.6182,0.3923,0.2880
7.8299,0.0598,-0.4579,-1.2851,1.4546,-0.6117,0.3866,0.0061,-0.0802,-0.5016,1.3016,1.4688,0.6243,0.4004,0.2880
7.8799,0.0610,-0.4598,-1.2843,1.4519,-0.6140,0.3896,0.0069,-0.0786,-0.5047,1.3008,1.4673,0.6247,0.4054,0.2888
7.9299,0.0606,-0.4636,-1.2832,1.4496,-0.6151,0.3942,0.0069,-0.0786,-0.5077,1.3000,1.4669,0.6285,0.4034,0.2884
7.9800,0.0602,-0.4667,-1.2839,1.4488,-0.6174,0.3938,0.0065,-0.0798,-0.5104,1.2989,1.4657,0.6297,0.4054,0.2888
8.0199,0.0591,-0.4698,-1.2816,1.4473,-0.6247,0.3981,0.0058,-0.0790,-0.5123,1.2970,1.4653,0.6358,0.4077,0.2876
8.0699,0.0602,-0.4744,-1.2824,1.4454,-0.6266,0.3985,0.0065,-0.0802,-0.5150,1.2970,1.4657,0.6378,0.4103,0.2880
8.1199,0.0591,-0.4778,-1.2816,1.4439,-0.6285,0.4008,0.0069,-0.0798,-0.5185,1.2962,1.4650,0.6378,0.4134,0.2884
8.1699,0.0602,-0.4817,-1.2809,1.4439,-0.6282,0.4019,0.0065,-0.0809,-0.5208,1.2962,1.4650,0.6374,0.4146,0.2876
8.2199,0.0598,-0.4828,-1.2801,1.4427,-0.6282,0.4019,0.0065,-0.0809,-0.5239,1.2970,1.4653,0.6374,0.4134,0.2884
8.2599,0.0606,-0.4844,-1.2813,1.4427,-0.6282,0.4019,0.0061,-0.0805,-0.5235,1.2970,1.4646,0.6381,0.4142,0.2876
8.3104,0.0598,-0.4847,-1.2809,1.4427,-0.6282,0.4011,0.0069,-0.0809,-0.5250,1.2962,1.4653,0.6378,0.4134,0.2880
8.3598,0.0602,-0.4859,-1.2813,1.4431,-0.6278,0.4023,0.0058,-0.0821,-0.5250,1.2966,1.4653,0.6381,0.4142,0.2876
8.4100,0.0583,-0.4859,-1.2793,1.4427,-0.6312,0.4042,0.0065,-0.0817,-0.5258,1.2962,1.4650,0.6401,0.4153,0.2888
8.4607,0.0594,-0.4870,-1.2778,1.4419,-0.6347,0.4080,0.0058,-0.0817,-0.5269,1.2947,1.4642,0.6435,0.4199,0.2880
8.5001,0.0591,-0.4863,-1.2774,1.4408,-0.6358,0.4092,0.0061,-0.0832,-0.5269,1.2947,1.4646,0.6439,0.4222,0.2876
8.5499,0.0579,-0.4878,-1.2759,1.4385,-0.6362,0.4134,0.0069,-0.0825,-0.5288,1.2951,1.4642,0.6462,0.4253,0.2884
8.6001,0.0587,-0.4882,-1.2751,1.4389,-0.6358,0.4146,0.0061,-0.0844,-0.5300,1.2935,1.4650,0.6466,0.4253,0.2880
8.6501,0.0575,-0.4901,-1.2736,1.4362,-0.6424,0.4184,0.0065,-0.0844,-0.5331,1.2920,1.4630,0.6485,0.4303,0.2880
8.7000,0.0575,-0.4905,-1.2721,1.4350,-0.6454,0.4211,0.0061,-0.0851,-0.5342,1.2912,1.4623,0.6508,0.4353,0.2880
8.7398,0.0575,-0.4916,-1.2705,1.4331,-0.6454,0.4230,0.0065,-0.0848,-0.5361,1.2908,1.4615,0.6519,0.4360,0.2884
8.7900,0.0579,-0.4947,-1.2694,1.4327,-0.6500,0.4245,0.0061,-0.0855,-0.5396,1.2901,1.4603,0.6565,0.4395,0.2880
8.8399,0.0575,-0.4993,-1.2675,1.4312,-0.6535,0.4280,0.0061,-0.0874,-0.5430,1.2897,1.4611,0.6592,0.4422,0.2884
8.8898,0.0575,-0.5005,-1.2682,1.4289,-0.6554,0.4314,0.0058,-0.0882,-0.5472,1.2897,1.4600,0.6611,0.4433,0.2880
8.9399,0.0568,-0.5039,-1.2655,1.4281,-0.6554,0.4318,0.0061,-0.0894,-0.5503,1.2893,1.4607,0.6619,0.4437,0.2880
8.9898,0.0564,-0.5058,-1.2655,1.4266,-0.6550,0.4307,0.0065,-0.0909,-0.5534,1.2897,1.4600,0.6611,0.4441,0.2884
9.0298,0.0564,-0.5074,-1.2659,1.4262,-0.6550,0.4314,0.0065,-0.0901,-0.5542,1.2889,1.4596,0.6623,0.4445,0.2872
9.0800,0.0571,-0.5081,-1.2655,1.4266,-0.6546,0.4322,0.0061,-0.0909,-0.5561,1.2897,1.4596,0.6615,0.4437,0.2884
9.1300,0.0579,-0.5089,-1.2644,1.4281,-0.6654,0.4307,0.0065,-0.0928,-0.5580,1.2889,1.4607,0.6711,0.4418,0.2880
9.1799,0.0568,-0.5123,-1.2632,1.4274,-0.6715,0.4307,0.0065,-0.0928,-0.5584,1.2889,1.4615,0.6765,0.4426,0.2880
9.2300,0.0579,-0.5150,-1.2644,1.4281,-0.6715,0.4284,0.0069,-0.0951,-0.5622,1.2897,1.4623,0.6769,0.4418,0.2880
9.2700,0.0571,-0.5200,-1.2640,1.4274,-0.6723,0.4268,0.0073,-0.0974,-0.5641,1.2897,1.4623,0.6784,0.4429,0.2884
9.3200,0.0579,-0.5242,-1.2648,1.4304,-0.6780,0.4222,0.0065,-0.0997,-0.5672,1.2905,1.4665,0.6834,0.4360,0.2880
9.3699,0.0587,-0.5304,-1.2652,1.4343,-0.6819,0.4169,0.0073,-0.1043,-0.5703,1.2935,1.4715,0.6884,0.4303,0.2876
9.4200,0.0594,-0.5369,-1.2655,1.4373,-0.6834,0.4123,0.0061,-0.1074,-0.5741,1.2943,1.4749,0.6888,0.4241,0.2876
9.4698,0.0621,-0.5423,-1.2659,1.4423,-0.6834,0.4111,0.0065,-0.1116,-0.5787,1.2958,1.4803,0.6899,0.4226,0.2880
9.5100,0.0617,-0.5453,-1.2671,1.4450,-0.6826,0.4107,0.0065,-0.1139,-0.5798,1.2970,1.4826,0.6907,0.4222,0.2880
9.5598,0.0621,-0.5480,-1.2686,1.4469,-0.6830,0.4123,0.0065,-0.1162,-0.5818,1.2985,1.4857,0.6911,0.4230,0.2880
9.6100,0.0633,-0.5503,-1.2698,1.4492,-0.6830,0.4115,0.0069,-0.1181,-0.5818,1.3000,1.4876,0.6911,0.4230,0.2876
9.6598,0.0637,-0.5507,-1.2728,1.4508,-0.6834,0.4115,0.0065,-0.1193,-0.5814,1.3008,1.4880,0.6903,0.4226,0.2880
9.7099,0.0648,-0.5507,-1.2740,1.4519,-0.6838,0.4100,0.0065,-0.1197,-0.5810,1.3008,1.4895,0.6903,0.4218,0.2880
9.7499,0.0660,-0.5503,-1.2747,1.4523,-0.6838,0.4115,0.0065,-0.1200,-0.5814,1.3012,1.4906,0.6907,0.4230,0.2872
9.7999,0.0663,-0.5499,-1.2747,1.4534,-0.6830,0.4100,0.0061,-0.1197,-0.5810,1.3012,1.4910,0.6907,0.4234,0.2872
9.8499,0.0652,-0.5499,-1.2751,1.4538,-0.6830,0.4100,0.0061,-0.1197,-0.5818,1.3020,1.4918,0.6903,0.4226,0.2880
9.8998,0.0671,-0.5511,-1.2767,1.4554,-0.6826,0.4115,0.0065,-0.1197,-0.5810,1.3035,1.4918,0.6903,0.4230,0.2884
9.9499,0.0671,-0.5503,-1.2759,1.4546,-0.6830,0.4103,0.0065,-0.1200,-0.5818,1.3035,1.4929,0.6911,0.4226,0.2880
9.9899,0.0671,-0.5511,-1.2763,1.4561,-0.6834,0.4107,0.0061,-0.1200,-0.5810,1.3058,1.4937,0.6907,0.4226,0.2880
10.0399,0.0679,-0.5499,-1.2774,1.4554,-0.6834,0.4107,0.0069,-0.1200,-0.5814,1.3070,1.4926,0.6907,0.4222,0.2884
10.0898,0.0679,-0.5511,-1.2774,1.4550,-0.6830,0.4107,0.0061,-0.1200,-0.5814,1.3085,1.4945,0.6907,0.4226,0.2880
10.1400,0.0694,-0.5503,-1.2778,1.4557,-0.6834,0.4103,0.0069,-0.1197,-0.5810,1.3104,1.4941,0.6907,0.4222,0.2884
10.1898,0.0690,-0.5492,-1.2774,1.4561,-0.6830,0.4100,0.0065,-0.1200,-0.5818,1.3119,1.4949,0.6903,0.4222,0.2876
10.2399,0.0702,-0.5495,-1.2770,1.4550,-0.6834,0.4103,0.0061,-0.1193,-0.5818,1.3135,1.4949,0.6907,0.4226,0.2880
10.2798,0.0694,-0.5495,-1.2774,1.4554,-0.6838,0.4103,0.0065,-0.1197,-0.5821,1.3131,1.4945,0.6899,0.4226,0.2884
10.3298,0.0698,-0.5492,-1.2778,1.4557,-0.6830,0.4100,0.0065,-0.1193,-0.5821,1.3139,1.4941,0.6903,0.4226,0.2880
10.3799,0.0698,-0.5476,-1.2805,1.4557,-0.6834,0.4096,0.0073,-0.1197,-0.5818,1.3135,1.4949,0.6907,0.4226,0.2884
10.4298,0.0698,-0.5480,-1.2813,1.4554,-0.6826,0.4096,0.0061,-0.1204,-0.5810,1.3139,1.4941,0.6903,0.4226,0.2884
10.4798,0.0713,-0.5476,-1.2820,1.4550,-0.6830,0.4103,0.0069,-0.1197,-0.5814,1.3135,1.4945,0.6914,0.4226,0.2872
10.5199,0.0698,-0.5476,-1.2820,1.4557,-0.6834,0.4103,0.0065,-0.1204,-0.5818,1.3131,1.4941,0.6899,0.4215,0.2880
10.5698,0.0690,-0.5480,-1.2816,1.4554,-0.6830,0.4100,0.0073,-0.1200,-0.5821,1.3135,1.4945,0.6903,0.4234,0.2880
10.6200,0.0702,-0.5484,-1.2824,1.4561,-0.6834,0.4100,0.0061,-0.1200,-0.5814,1.3135,1.4949,0.6911,0.4230,0.2880
10.6699,0.0702,-0.5476,-1.2816,1.4554,-0.6834,0.4103,0.0065,-0.1193,-0.5810,1.3131,1.4945,0.6899,0.4226,0.2880
10.7198,0.0698,-0.5472,-1.2820,1.4569,-0.6830,0.4092,0.0069,-0.1189,-0.5810,1.3135,1.4941,0.6907,0.4222,0.2876
10.7598,0.0694,-0.5469,-1.2828,1.4569,-0.6822,0.4100,0.0061,-0.1193,-0.5810,1.3135,1.4941,0.6903,0.4222,0.2876
10.8101,0.0706,-0.5465,-1.2843,1.4565,-0.6838,0.4092,0.0069,-0.1189,-0.5810,1.3135,1.4949,0.6911,0.4226,0.2880
10.8598,0.0702,-0.5465,-1.2843,1.4565,-0.6830,0.4096,0.0058,-0.1181,-0.5814,1.3127,1.4941,0.6903,0.4222,0.2880
10.9102,0.0702,-0.5453,-1.2855,1.4569,-0.6826,0.4096,0.0061,-0.1173,-0.5810,1.3131,1.4945,0.6907,0.4222,0.2880
10.9600,0.0706,-0.5465,-1.2866,1.4573,-0.6830,0.4088,0.0065,-0.1185,-0.5814,1.3135,1.4941,0.6907,0.4215,0.2876
11.0000,0.0736,-0.5457,-1.2908,1.4623,-0.6838,0.4038,0.0069,-0.1193,-0.5802,1.3165,1.4987,0.6899,0.4169,0.2884
11.0499,0.0794,-0.5469,-1.3004,1.4761,-0.6865,0.3919,0.0065,-0.1243,-0.5806,1.3246,1.5102,0.6930,0.4050,0.2880
11.0998,0.0928,-0.5503,-1.3123,1.4968,-0.6914,0.3754,0.0058,-0.1335,-0.5810,1.3380,1.5309,0.6957,0.3873,0.2876
11.1501,0.1078,-0.5545,-1.3277,1.5221,-0.6960,0.3613,0.0065,-0.1496,-0.5833,1.3537,1.5574,0.6987,0.3731,0.2884
11.1999,0.1315,-0.5626,-1.3465,1.5501,-0.7010,0.3501,0.0061,-0.1710,-0.5890,1.3729,1.5854,0.7022,0.3624,0.2880
11.2400,0.1484,-0.5703,-1.3599,1.5708,-0.6999,0.3494,0.0069,-0.1883,-0.5933,1.3875,1.6061,0.7049,0.3590,0.2884
11.2900,0.1695,-0.5802,-1.3741,1.5915,-0.7003,0.3490,0.0065,-0.2086,-0.5998,1.4017,1.6287,0.7045,0.3601,0.2884
11.3399,0.1891,-0.5933,-1.3860,1.6072,-0.7006,0.3501,0.0065,-0.2278,-0.6082,1.4128,1.6448,0.7068,0.3597,0.2880
11.3898,0.2052,-0.6006,-1.3959,1.6191,-0.7003,0.3486,0.0061,-0.2435,-0.6155,1.4197,1.6559,0.7064,0.3578,0.2892
11.4402,0.2182,-0.6048,-1.4040,1.6276,-0.7006,0.3463,0.0073,-0.2577,-0.6174,1.4289,1.6644,0.7064,0.3570,0.2880
11.4900,0.2286,-0.6075,-1.4124,1.6371,-0.7033,0.3467,0.0065,-0.2684,-0.6201,1.4347,1.6720,0.7075,0.3555,0.2884
11.5298,0.2347,-0.6094,-1.4178,1.6483,-0.7056,0.3402,0.0061,-0.2765,-0.6236,1.4400,1.6824,0.7091,0.3478,0.2884
11.5801,0.2439,-0.6121,-1.4281,1.6682,-0.7083,0.3267,0.0065,-0.2876,-0.6243,1.4504,1.7020,0.7118,0.3298,0.2888
11.6300,0.2577,-0.6163,-1.4427,1.6939,-0.7098,0.3099,0.0069,-0.3010,-0.6259,1.4638,1.7265,0.7133,0.3160,0.2876
11.6799,0.2773,-0.6247,-1.4611,1.7238,-0.7098,0.2995,0.0065,-0.3202,-0.6297,1.4776,1.7564,0.7148,0.3053,0.2880
11.7300,0.3014,-0.6328,-1.4814,1.7545,-0.7133,0.2915,0.0069,-0.3425,-0.6351,1.4956,1.7875,0.7175,0.2964,0.2880
11.7700,0.3248,-0.6404,-1.4995,1.7810,-0.7183,0.2830,0.0065,-0.3636,-0.6424,1.5133,1.8143,0.7194,0.2895,0.2884
11.8201,0.3540,-0.6508,-1.5217,1.8155,-0.7179,0.2742,0.0061,-0.3935,-0.6485,1.5374,1.8481,0.7194,0.2792,0.2872
11.8701,0.3881,-0.6615,-1.5455,1.8492,-0.7183,0.2654,0.0069,-0.4249,-0.6558,1.5581,1.8837,0.7198,0.2715,0.2876
11.9201,0.4215,-0.6711,-1.5716,1.8868,-0.7175,0.2604,0.0065,-0.4571,-0.6608,1.5804,1.9194,0.7198,0.2661,0.2884
11.9703,0.4564,-0.6788,-1.5950,1.9232,-0.7171,0.2558,0.0065,-0.4909,-0.6646,1.5996,1.9558,0.7194,0.2658,0.2872
12.0098,0.4828,-0.6834,-1.6114,1.9516,-0.7175,0.2527,0.0069,-0.5150,-0.6688,1.6122,1.9792,0.7187,0.2673,0.2872
12.0600,0.5147,-0.6899,-1.6295,1.9819,-0.7175,0.2554,0.0065,-0.5419,-0.6730,1.6230,2.0034,0.7187,0.2688,0.2880
12.1100,0.5434,-0.6983,-1.6429,2.0061,-0.7164,0.2527,0.0073,-0.5660,-0.6750,1.6322,2.0222,0.7168,0.2669,0.2876
12.1599,0.5668,-0.7010,-1.6567,2.0283,-0.7129,0.2504,0.0065,-0.5852,-0.6761,1.6398,2.0421,0.7122,0.2635,0.2876
12.2100,0.5844,-0.6995,-1.6682,2.0471,-0.7129,0.2516,0.0069,-0.5979,-0.6730,1.6471,2.0586,0.7106,0.2658,0.2876
12.2500,0.5956,-0.6995,-1.6740,2.0594,-0.7125,0.2516,0.0058,-0.6067,-0.6734,1.6544,2.0701,0.7110,0.2669,0.2876
12.3000,0.6048,-0.6987,-1.6812,2.0709,-0.7110,0.2497,0.0065,-0.6155,-0.6738,1.6598,2.0812,0.7075,0.2665,0.2876
12.3498,0.6128,-0.6983,-1.6878,2.0854,-0.7083,0.2508,0.0065,-0.6213,-0.6730,1.6655,2.0923,0.7045,0.2684,0.2876
12.4000,0.6224,-0.6983,-1.6950,2.0977,-0.7064,0.2535,0.0065,-0.6270,-0.6730,1.6686,2.1046,0.7029,0.2700,0.2888
12.4500,0.6351,-0.6980,-1.7016,2.1088,-0.7006,0.2558,0.0061,-0.6374,-0.6738,1.6743,2.1161,0.6972,0.2719,0.2876
12.4898,0.6458,-0.6976,-1.7077,2.1200,-0.6972,0.2581,0.0069,-0.6473,-0.6730,1.6797,2.1253,0.6914,0.2753,0.2872
12.5400,0.6573,-0.6957,-1.7112,2.1299,-0.6964,0.2627,0.0065,-0.6585,-0.6719,1.6824,2.1349,0.6899,0.2792,0.2880
12.5900,0.6688,-0.6937,-1.7165,2.1399,-0.6930,0.2665,0.0065,-0.6723,-0.6700,1.6893,2.1460,0.6895,0.2819,0.2876
12.6399,0.6792,-0.6903,-1.7227,2.1495,-0.6849,0.2661,0.0069,-0.6834,-0.6673,1.6935,2.1541,0.6780,0.2849,0.2884
12.6900,0.6888,-0.6861,-1.7276,2.1621,-0.6765,0.2684,0.0065,-0.6934,-0.6627,1.6973,2.1652,0.6684,0.2865,0.2880
12.7400,0.6987,-0.6822,-1.7303,2.1729,-0.6738,0.2730,0.0065,-0.7026,-0.6585,1.6989,2.1752,0.6661,0.2888,0.2884
12.7802,0.7075,-0.6773,-1.7342,2.1813,-0.6654,0.2742,0.0069,-0.7098,-0.6554,1.7012,2.1829,0.6577,0.2895,0.2872
12.8301,0.7179,-0.6688,-1.7399,2.1924,-0.6523,0.2761,0.0065,-0.7202,-0.6489,1.7066,2.1940,0.6439,0.2926,0.2884
12.8800,0.7283,-0.6619,-1.7445,2.2051,-0.6374,0.2780,0.0065,-0.7298,-0.6416,1.7089,2.2059,0.6255,0.2953,0.2872
12.9300,0.7401,-0.6535,-1.7461,2.2170,-0.6316,0.2849,0.0065,-0.7401,-0.6351,1.7115,2.2170,0.6201,0.2995,0.2884
12.9800,0.7513,-0.6454,-1.7499,2.2289,-0.6167,0.2872,0.0061,-0.7501,-0.6282,1.7138,2.2277,0.6052,0.3026,0.2880
13.0200,0.7597,-0.6404,-1.7526,2.2381,-0.6101,0.2888,0.0061,-0.7582,-0.6220,1.7150,2.2358,0.5971,0.3041,0.2884
13.0701,0.7712,-0.6332,-1.7549,2.2473,-0.5929,0.2903,0.0069,-0.7678,-0.6147,1.7169,2.2465,0.5775,0.3037,0.2876
13.1200,0.7812,-0.6243,-1.7576,2.2576,-0.5779,0.2945,0.0061,-0.7773,-0.6059,1.7188,2.2561,0.5618,0.3083,0.2876
13.1700,0.7888,-0.6178,-1.7579,2.2668,-0.5722,0.2961,0.0065,-0.7862,-0.5986,1.7188,2.2653,0.5580,0.3110,0.2880
13.2201,0.7984,-0.6109,-1.7602,2.2741,-0.5561,0.2999,0.0069,-0.7942,-0.5902,1.7215,2.2737,0.5411,0.3148,0.2876
13.2598,0.8034,-0.6040,-1.7610,2.2803,-0.5484,0.3014,0.0065,-0.7996,-0.5841,1.7215,2.2787,0.5308,0.3141,0.2880
13.3101,0.8099,-0.5975,-1.7614,2.2887,-0.5472,0.3030,0.0058,-0.8061,-0.5772,1.7207,2.2875,0.5304,0.3122,0.2880
13.3601,0.8157,-0.5898,-1.7625,2.2948,-0.5423,0.3068,0.0065,-0.8130,-0.5706,1.7207,2.2929,0.5269,0.3179,0.2865
13.4100,0.8195,-0.5833,-1.7625,2.3002,-0.5196,0.3060,0.0065,-0.8172,-0.5630,1.7215,2.2979,0.4997,0.3183,0.2880
13.4602,0.8245,-0.5749,-1.7641,2.3060,-0.4905,0.3079,0.0061,-0.8222,-0.5549,1.7215,2.3048,0.4709,0.3195,0.2884
13.4999,0.8283,-0.5660,-1.7633,2.3109,-0.4652,0.3114,0.0054,-0.8245,-0.5484,1.7204,2.3098,0.4449,0.3237,0.2876
13.5528,0.8330,-0.5549,-1.7633,2.3182,-0.4567,0.3148,0.0069,-0.8307,-0.5377,1.7173,2.3171,0.4364,0.3271,0.2872
13.6000,0.8379,-0.5446,-1.7622,2.3244,-0.4506,0.3160,0.0069,-0.8349,-0.5292,1.7150,2.3224,0.4322,0.3260,0.2884
13.6504,0.8433,-0.5361,-1.7625,2.3282,-0.4391,0.3172,0.0069,-0.8387,-0.5204,1.7135,2.3274,0.4199,0.3279,0.2876
13.7001,0.8452,-0.5288,-1.7622,2.3317,-0.4287,0.3168,0.0069,-0.8422,-0.5127,1.7100,2.3309,0.4100,0.3271,0.2880
13.7399,0.8468,-0.5208,-1.7614,2.3359,-0.4153,0.3172,0.0065,-0.8429,-0.5070,1.7069,2.3332,0.3931,0.3271,0.2876
13.7898,0.8479,-0.5135,-1.7591,2.3397,-0.4050,0.3168,0.0061,-0.8448,-0.4978,1.7023,2.3366,0.3820,0.3271,0.2880
13.8399,0.8494,-0.5066,-1.7564,2.3435,-0.4050,0.3145,0.0065,-0.8456,-0.4905,1.6973,2.3409,0.3827,0.3256,0.2876
13.8900,0.8491,-0.5012,-1.7530,2.3462,-0.4031,0.3152,0.0061,-0.8452,-0.4840,1.6947,2.3424,0.3827,0.3271,0.2880
13.9399,0.8502,-0.4943,-1.7510,2.3478,-0.3923,0.3122,0.0058,-0.8452,-0.4782,1.6912,2.3439,0.3716,0.3233,0.2880
13.9900,0.8498,-0.4928,-1.7487,2.3489,-0.3816,0.3095,0.0061,-0.8456,-0.4755,1.6878,2.3451,0.3620,0.3191,0.2880
14.0300,0.8487,-0.4870,-1.7468,2.3512,-0.3697,0.3083,0.0065,-0.8448,-0.4713,1.6858,2.3466,0.3478,0.3175,0.2876
14.0817,0.8491,-0.4844,-1.7434,2.3524,-0.3590,0.3076,0.0058,-0.8445,-0.4671,1.6828,2.3466,0.3375,0.3191,0.2880
14.1301,0.8487,-0.4759,-1.7368,2.3550,-0.3497,0.3072,0.0061,-0.8448,-0.4602,1.6778,2.3493,0.3310,0.3183,0.2876
14.1798,0.8487,-0.4682,-1.7334,2.3577,-0.3333,0.3041,0.0065,-0.8441,-0.4548,1.6720,2.3520,0.3122,0.3152,0.2884
14.2300,0.8471,-0.4629,-1.7284,2.3612,-0.3225,0.3045,0.0061,-0.8441,-0.4464,1.6671,2.3539,0.3018,0.3133,0.2884
14.2700,0.8468,-0.4571,-1.7242,2.3635,-0.3053,0.3030,0.0061,-0.8441,-0.4414,1.6632,2.3566,0.2838,0.3114,0.2876
14.3200,0.8460,-0.4483,-1.7177,2.3654,-0.2842,0.3037,0.0065,-0.8410,-0.4326,1.6563,2.3585,0.2646,0.3106,0.2880
14.3700,0.8460,-0.4403,-1.7100,2.3681,-0.2792,0.3026,0.0061,-0.8402,-0.4257,1.6490,2.3604,0.2589,0.3095,0.2880
14.4200,0.8448,-0.4318,-1.7058,2.3704,-0.2608,0.3018,0.0061,-0.8395,-0.4184,1.6425,2.3627,0.2378,0.3099,0.2884
14.4700,0.8445,-0.4218,-1.6993,2.3731,-0.2362,0.3010,0.0065,-0.8391,-0.4080,1.6391,2.3646,0.2144,0.3087,0.2876
14.5102,0.8445,-0.4142,-1.6931,2.3746,-0.2190,0.3033,0.0058,-0.8379,-0.4011,1.6322,2.3669,0.1967,0.3102,0.2880
14.5600,0.8448,-0.4054,-1.6847,2.3769,-0.2086,0.3014,0.0061,-0.8376,-0.3938,1.6237,2.3692,0.1891,0.3095,0.2872
14.6100,0.8445,-0.3958,-1.6782,2.3796,-0.1879,0.3014,0.0065,-0.8379,-0.3839,1.6183,2.3708,0.1668,0.3091,0.2884
14.6598,0.8445,-0.3858,-1.6686,2.3823,-0.1737,0.3022,0.0069,-0.8368,-0.3754,1.6103,2.3735,0.1515,0.3102,0.2884
14.7100,0.8445,-0.3789,-1.6609,2.3850,-0.1714,0.3018,0.0065,-0.8368,-0.3693,1.6022,2.3765,0.1503,0.3099,0.2872
14.7500,0.8452,-0.3724,-1.6552,2.3861,-0.1622,0.3030,0.0065,-0.8368,-0.3636,1.5976,2.3769,0.1415,0.3106,0.2876
14.8000,0.8448,-0.3659,-1.6509,2.3880,-0.1473,0.3030,0.0061,-0.8364,-0.3582,1.5927,2.3784,0.1262,0.3095,0.2884
14.8500,0.8448,-0.3616,-1.6456,2.3892,-0.1438,0.3026,0.0061,-0.8360,-0.3540,1.5865,2.3788,0.1200,0.3095,0.2880
14.9000,0.8452,-0.3570,-1.6402,2.3903,-0.1384,0.3041,0.0065,-0.8353,-0.3501,1.5823,2.3807,0.1147,0.3083,0.2880
14.9499,0.8452,-0.3520,-1.6360,2.3922,-0.1285,0.3026,0.0069,-0.8353,-0.3451,1.5773,2.3811,0.1070,0.3099,0.2880
14.9901,0.8448,-0.3505,-1.6314,2.3922,-0.1250,0.3030,0.0065,-0.8353,-0.3425,1.5723,2.3819,0.1028,0.3095,0.2876
15.0400,0.8441,-0.3471,-1.6276,2.3926,-0.1212,0.3037,0.0065,-0.8341,-0.3398,1.5696,2.3811,0.0978,0.3095,0.2884
15.0902,0.8448,-0.3432,-1.6245,2.3942,-0.1120,0.3037,0.0069,-0.8341,-0.3367,1.5662,2.3815,0.0874,0.3102,0.2876
15.1401,0.8441,-0.3405,-1.6187,2.3942,-0.1047,0.3033,0.0065,-0.8341,-0.3344,1.5624,2.3827,0.0832,0.3102,0.2880
15.1900,0.8441,-0.3379,-1.6149,2.3945,-0.0974,0.3022,0.0054,-0.8333,-0.3321,1.5589,2.3827,0.0752,0.3079,0.2880
15.2402,0.8433,-0.3356,-1.6091,2.3953,-0.0844,0.3022,0.0069,-0.8322,-0.3290,1.5547,2.3830,0.0633,0.3068,0.2880
15.2800,0.8425,-0.3333,-1.6057,2.3957,-0.0825,0.3030,0.0065,-0.8314,-0.3283,1.5512,2.3834,0.0606,0.3076,0.2872
15.3301,0.8418,-0.3310,-1.6003,2.3953,-0.0805,0.3014,0.0065,-0.8310,-0.3260,1.5478,2.3846,0.0602,0.3041,0.2880
15.3800,0.8402,-0.3267,-1.5965,2.3957,-0.0790,0.3014,0.0061,-0.8299,-0.3233,1.5440,2.3842,0.0591,0.3022,0.2872
15.4298,0.8399,-0.3256,-1.5919,2.3968,-0.0748,0.2995,0.0061,-0.8272,-0.3218,1.5397,2.3834,0.0564,0.3018,0.2880
15.4799,0.8379,-0.3218,-1.5865,2.3961,-0.0706,0.2976,0.0065,-0.8264,-0.3214,1.5370,2.3830,0.0548,0.3018,0.2880
15.5200,0.8383,-0.3221,-1.5846,2.3965,-0.0698,0.2964,0.0058,-0.8241,-0.3202,1.5355,2.3834,0.0510,0.3003,0.2876
15.5699,0.8364,-0.3210,-1.5819,2.3965,-0.0637,0.2972,0.0061,-0.8230,-0.3191,1.5317,2.3834,0.0372,0.2995,0.2876
15.6201,0.8360,-0.3191,-1.5788,2.3957,-0.0560,0.2972,0.0061,-0.8211,-0.3175,1.5286,2.3830,0.0341,0.3003,0.2876
15.6700,0.8360,-0.3183,-1.5739,2.3980,-0.0533,0.2961,0.0065,-0.8211,-0.3168,1.5271,2.3830,0.0334,0.2999,0.2876
15.7200,0.8353,-0.3172,-1.5708,2.3976,-0.0541,0.2964,0.0065,-0.8207,-0.3156,1.5240,2.3827,0.0337,0.3003,0.2880
15.7598,0.8341,-0.3160,-1.5696,2.3972,-0.0537,0.2964,0.0065,-0.8203,-0.3164,1.5225,2.3827,0.0330,0.2999,0.2880
15.8099,0.8337,-0.3164,-1.5681,2.3965,-0.0533,0.2968,0.0061,-0.8191,-0.3160,1.5217,2.3823,0.0334,0.2999,0.2872
15.8600,0.8333,-0.3164,-1.5647,2.3968,-0.0514,0.2972,0.0065,-0.8191,-0.3168,1.5213,2.3830,0.0314,0.2991,0.2876
15.9101,0.8330,-0.3133,-1.5662,2.3972,-0.0353,0.2961,0.0061,-0.8199,-0.3152,1.5217,2.3827,0.0119,0.2999,0.2876
15.9602,0.8333,-0.3118,-1.5624,2.3965,-0.0280,0.2964,0.0061,-0.8188,-0.3137,1.5183,2.3834,0.0015,0.2995,0.2880
16.0001,0.8322,-0.3106,-1.5578,2.3980,-0.0169,0.2968,0.0065,-0.8184,-0.3110,1.5144,2.3830,-0.0038,0.2999,0.2876
16.0498,0.8314,-0.3053,-1.5547,2.3984,0.0065,0.2968,0.0069,-0.8180,-0.3064,1.5114,2.3827,-0.0284,0.2999,0.2880
16.1000,0.8314,-0.3010,-1.5489,2.3995,0.0165,0.2968,0.0069,-0.8168,-0.3022,1.5060,2.3830,-0.0418,0.2995,0.2884
16.1499,0.8310,-0.2968,-1.5420,2.4003,0.0161,0.2964,0.0065,-0.8176,-0.2984,1.4995,2.3838,-0.0407,0.3014,0.2880
16.2000,0.8314,-0.2941,-1.5378,2.4003,0.0203,0.2980,0.0065,-0.8165,-0.2957,1.4956,2.3830,-0.0422,0.3010,0.2888
16.2399,0.8299,-0.2911,-1.5367,2.4011,0.0345,0.2972,0.0061,-0.8165,-0.2918,1.4929,2.3834,-0.0587,0.3022,0.2876
16.2899,0.8303,-0.2876,-1.5305,2.4018,0.0468,0.2976,0.0065,-0.8161,-0.2876,1.4880,2.3834,-0.0698,0.3022,0.2888
16.3399,0.8307,-0.2842,-1.5248,2.4022,0.0495,0.2980,0.0065,-0.8165,-0.2861,1.4837,2.3842,-0.0717,0.3041,0.2872
16.3900,0.8299,-0.2792,-1.5209,2.4026,0.0491,0.2999,0.0073,-0.8161,-0.2834,1.4814,2.3838,-0.0717,0.3041,0.2876
16.4401,0.8303,-0.2769,-1.5171,2.4026,0.0533,0.3003,0.0058,-0.8165,-0.2807,1.4772,2.3850,-0.0744,0.3037,0.2876
16.4899,0.8295,-0.2730,-1.5140,2.4018,0.0752,0.3030,0.0058,-0.8157,-0.2792,1.4768,2.3853,-0.0982,0.3064,0.2884
16.5299,0.8299,-0.2715,-1.5121,2.4007,0.0871,0.3045,0.0065,-0.8161,-0.2765,1.4734,2.3853,-0.1135,0.3072,0.2880
16.5799,0.8299,-0.2669,-1.5060,2.4003,0.0901,0.3068,0.0061,-0.8153,-0.2742,1.4692,2.3853,-0.1147,0.3106,0.2876
16.6307,0.8299,-0.2642,-1.5022,2.4026,0.0932,0.3049,0.0065,-0.8161,-0.2704,1.4650,2.3846,-0.1166,0.3095,0.2884
16.6799,0.8303,-0.2615,-1.5006,2.4037,0.1147,0.3087,0.0065,-0.8157,-0.2669,1.4630,2.3853,-0.1331,0.3110,0.2884
16.7300,0.8295,-0.2581,-1.4949,2.4045,0.1289,0.3106,0.0061,-0.8157,-0.2635,1.4584,2.3857,-0.1592,0.3133,0.2884
16.7700,0.8310,-0.2550,-1.4910,2.4049,0.1392,0.3095,0.0065,-0.8168,-0.2615,1.4527,2.3865,-0.1603,0.3133,0.2876
16.8206,0.8291,-0.2504,-1.4841,2.4053,0.1557,0.3110,0.0058,-0.8161,-0.2569,1.4462,2.3884,-0.1772,0.3133,0.2880
16.8698,0.8303,-0.2466,-1.4776,2.4060,0.1634,0.3110,0.0061,-0.8165,-0.2527,1.4419,2.3892,-0.1871,0.3137,0.2876
16.9200,0.8303,-0.2412,-1.4703,2.4057,0.1649,0.3129,0.0061,-0.8161,-0.2493,1.4366,2.3919,-0.1875,0.3125,0.2876
16.9710,0.8303,-0.2355,-1.4657,2.4057,0.1810,0.3129,0.0061,-0.8161,-0.2466,1.4304,2.3911,-0.1940,0.3148,0.2876
17.0111,0.8307,-0.2347,-1.4611,2.4057,0.1914,0.3141,0.0061,-0.8165,-0.2435,1.4274,2.3919,-0.2151,0.3168,0.2876
17.0601,0.8307,-0.2316,-1.4542,2.4064,0.2010,0.3141,0.0065,-0.8165,-0.2412,1.4220,2.3922,-0.2263,0.3168,0.2880
17.1102,0.8310,-0.2270,-1.4488,2.4068,0.2190,0.3156,0.0061,-0.8168,-0.2378,1.4155,2.3919,-0.2305,0.3152,0.2876
17.1599,0.8310,-0.2240,-1.4427,2.4064,0.2240,0.3168,0.0061,-0.8172,-0.2351,1.4105,2.3926,-0.2489,0.3168,0.2872
17.2101,0.8307,-0.2213,-1.4370,2.4072,0.2243,0.3172,0.0061,-0.8168,-0.2312,1.4059,2.3926,-0.2500,0.3168,0.2880
17.2515,0.8299,-0.2190,-1.4320,2.4072,0.2286,0.3172,0.0061,-0.8168,-0.2305,1.4021,2.3922,-0.2504,0.3183,0.2876
17.3009,0.8299,-0.2163,-1.4281,2.4080,0.2420,0.3175,0.0061,-0.8168,-0.2278,1.3982,2.3926,-0.2631,0.3202,0.2876
17.3498,0.8307,-0.2121,-1.4251,2.4087,0.2585,0.3179,0.0069,-0.8165,-0.2259,1.3929,2.3934,-0.2723,0.3202,0.2880
17.3999,0.8299,-0.2098,-1.4197,2.4072,0.2577,0.3206,0.0061,-0.8168,-0.2240,1.3894,2.3930,-0.2730,0.3218,0.2880
17.4500,0.8303,-0.2075,-1.4143,2.4076,0.2558,0.3206,0.0069,-0.8168,-0.2220,1.3860,2.3930,-0.2730,0.3214,0.2876
17.4900,0.8303,-0.2059,-1.4120,2.4083,0.2573,0.3214,0.0058,-0.8165,-0.2228,1.3840,2.3930,-0.2753,0.3202,0.2876
17.5399,0.8307,-0.2052,-1.4097,2.4076,0.2589,0.3210,0.0061,-0.8172,-0.2209,1.3829,2.3942,-0.2834,0.3214,0.2876
17.5899,0.8295,-0.2048,-1.4063,2.4076,0.2673,0.3206,0.0061,-0.8165,-0.2205,1.3794,2.3942,-0.2865,0.3210,0.2880
17.6400,0.8303,-0.2036,-1.4017,2.4076,0.2723,0.3206,0.0061,-0.8165,-0.2201,1.3764,2.3942,-0.2857,0.3218,0.2872
17.6900,0.8295,-0.2036,-1.4001,2.4076,0.2719,0.3198,0.0061,-0.8168,-0.2190,1.3741,2.3945,-0.2861,0.3221,0.2884
17.7400,0.8299,-0.2033,-1.3971,2.4076,0.2753,0.3198,0.0054,-0.8161,-0.2190,1.3718,2.3957,-0.2926,0.3214,0.2884
17.7804,0.8295,-0.2033,-1.3944,2.4087,0.2807,0.3195,0.0058,-0.8157,-0.2182,1.3706,2.3949,-0.2999,0.3221,0.2880
17.8299,0.8287,-0.2033,-1.3917,2.4087,0.2834,0.3198,0.0069,-0.8168,-0.2182,1.3683,2.3953,-0.3045,0.3221,0.2876
17.8800,0.8276,-0.2025,-1.3898,2.4076,0.2846,0.3195,0.0061,-0.8165,-0.2178,1.3660,2.3942,-0.3041,0.3244,0.2876
17.9300,0.8268,-0.2013,-1.3856,2.4083,0.2930,0.3183,0.0065,-0.8172,-0.2174,1.3637,2.3961,-0.3106,0.3241,0.2884
17.9798,0.8257,-0.2006,-1.3829,2.4087,0.3014,0.3183,0.0065,-0.8165,-0.2174,1.3614,2.3957,-0.3164,0.3241,0.2884
18.0200,0.8245,-0.2002,-1.3802,2.4072,0.3049,0.3187,0.0058,-0.8161,-0.2174,1.3583,2.3957,-0.3187,0.3244,0.2880
18.0701,0.8234,-0.1998,-1.3764,2.4080,0.3049,0.3175,0.0065,-0.8157,-0.2174,1.3560,2.3949,-0.3214,0.3244,0.2880
18.1200,0.8218,-0.1990,-1.3741,2.4072,0.3056,0.3179,0.0061,-0.8157,-0.2163,1.3522,2.3949,-0.3218,0.3237,0.2884
18.1700,0.8203,-0.1994,-1.3714,2.4072,0.3056,0.3164,0.0065,-0.8149,-0.2163,1.3495,2.3945,-0.3233,0.3229,0.2876
18.2200,0.8184,-0.1994,-1.3679,2.4064,0.3141,0.3164,0.0065,-0.8134,-0.2171,1.3468,2.3949,-0.3294,0.3237,0.2880
18.2599,0.8161,-0.1987,-1.3641,2.4068,0.3218,0.3160,0.0058,-0.8130,-0.2159,1.3453,2.3949,-0.3371,0.3237,0.2876
18.3099,0.8153,-0.1983,-1.3603,2.4076,0.3279,0.3156,0.0065,-0.8111,-0.2159,1.3430,2.3949,-0.3421,0.3237,0.2880
18.3600,0.8130,-0.1979,-1.3568,2.4064,0.3271,0.3129,0.0069,-0.8092,-0.2151,1.3407,2.3949,-0.3417,0.3237,0.2880
18.4100,0.8111,-0.1963,-1.3545,2.4060,0.3340,0.3118,0.0058,-0.8080,-0.2159,1.3380,2.3938,-0.3494,0.3221,0.2884
18.4598,0.8084,-0.1963,-1.3503,2.4030,0.3394,0.3102,0.0054,-0.8057,-0.2148,1.3349,2.3930,-0.3543,0.3225,0.2884
18.4998,0.8073,-0.1956,-1.3476,2.4030,0.3417,0.3114,0.0061,-0.8042,-0.2163,1.3330,2.3934,-0.3555,0.3218,0.2880
18.5498,0.8057,-0.1956,-1.3449,2.4014,0.3421,0.3102,0.0061,-0.8027,-0.2148,1.3300,2.3919,-0.3547,0.3218,0.2880
18.5998,0.8046,-0.1952,-1.3426,2.4003,0.3417,0.3110,0.0061,-0.8019,-0.2148,1.3296,2.3922,-0.3551,0.3214,0.2884
18.6500,0.8034,-0.1940,-1.3422,2.3999,0.3448,0.3110,0.0061,-0.8011,-0.2144,1.3277,2.3922,-0.3563,0.3206,0.2884
18.7022,0.8030,-0.1944,-1.3388,2.3999,0.3543,0.3102,0.0065,-0.7988,-0.2144,1.3254,2.3915,-0.3662,0.3210,0.2876
18.7402,0.8015,-0.1944,-1.3372,2.3988,0.3578,0.3102,0.0061,-0.7988,-0.2136,1.3250,2.3899,-0.3697,0.3221,0.2876
18.7898,0.7992,-0.1937,-1.3353,2.3984,0.3590,0.3095,0.0061,-0.7969,-0.2140,1.3223,2.3896,-0.3693,0.3210,0.2880
18.8405,0.7977,-0.1933,-1.3334,2.3976,0.3578,0.3079,0.0061,-0.7961,-0.2136,1.3215,2.3884,-0.3701,0.3214,0.2880
18.8899,0.7977,-0.1925,-1.3319,2.3984,0.3590,0.3076,0.0058,-0.7950,-0.2144,1.3192,2.3888,-0.3697,0.3210,0.2880
18.9400,0.7965,-0.1925,-1.3315,2.3976,0.3597,0.3076,0.0061,-0.7935,-0.2148,1.3188,2.3884,-0.3701,0.3218,0.2884
18.9900,0.7973,-0.1921,-1.3307,2.3972,0.3593,0.3076,0.0061,-0.7931,-0.2144,1.3192,2.3876,-0.3701,0.3210,0.2876
19.0298,0.7965,-0.1933,-1.3307,2.3972,0.3605,0.3076,0.0061,-0.7931,-0.2144,1.3177,2.3880,-0.3697,0.3206,0.2876
19.0807,0.7973,-0.1933,-1.3303,2.3976,0.3613,0.3079,0.0061,-0.7935,-0.2140,1.3173,2.3876,-0.3708,0.3210,0.2880
19.1303,0.7961,-0.1917,-1.3300,2.3976,0.3808,0.3087,0.0061,-0.7927,-0.2136,1.3173,2.3880,-0.3946,0.3206,0.2872
19.1801,0.7961,-0.1887,-1.3280,2.3972,0.4092,0.3102,0.0065,-0.7919,-0.2109,1.3146,2.3884,-0.4218,0.3214,0.2884
19.2298,0.7958,-0.1860,-1.3257,2.3972,0.4165,0.3102,0.0061,-0.7915,-0.2075,1.3112,2.3880,-0.4264,0.3225,0.2872
19.2700,0.7958,-0.1845,-1.3242,2.3972,0.4149,0.3114,0.0065,-0.7908,-0.2056,1.3100,2.3880,-0.4257,0.3229,0.2880
19.3201,0.7961,-0.1818,-1.3219,2.3961,0.4238,0.3133,0.0058,-0.7908,-0.2021,1.3073,2.3869,-0.4330,0.3241,0.2876
19.3701,0.7965,-0.1779,-1.3215,2.3965,0.4502,0.3183,0.0065,-0.7912,-0.1987,1.3062,2.3876,-0.4598,0.3275,0.2876
19.4200,0.7961,-0.1741,-1.3181,2.3961,0.4656,0.3198,0.0058,-0.7912,-0.1944,1.3027,2.3869,-0.4748,0.3287,0.2876
19.4700,0.7965,-0.1699,-1.3158,2.3957,0.4748,0.3218,0.0065,-0.7912,-0.1894,1.2993,2.3869,-0.4828,0.3310,0.2869
19.5101,0.7965,-0.1657,-1.3142,2.3965,0.4920,0.3248,0.0061,-0.7915,-0.1852,1.2981,2.3869,-0.5001,0.3336,0.2884
19.5600,0.7977,-0.1618,-1.3112,2.3961,0.5024,0.3264,0.0061,-0.7923,-0.1802,1.2947,2.3861,-0.5116,0.3340,0.2876
19.6100,0.8004,-0.1565,-1.3096,2.3957,0.5193,0.3325,0.0065,-0.7935,-0.1733,1.2928,2.3857,-0.5327,0.3394,0.2876
19.6598,0.8030,-0.1519,-1.3073,2.3957,0.5361,0.3352,0.0058,-0.7938,-0.1687,1.2889,2.3857,-0.5480,0.3405,0.2884
19.7099,0.8050,-0.1465,-1.3039,2.3957,0.5407,0.3356,0.0061,-0.7958,-0.1638,1.2847,2.3857,-0.5503,0.3417,0.2876
19.7500,0.8084,-0.1434,-1.3012,2.3965,0.5400,0.3390,0.0058,-0.7958,-0.1584,1.2828,2.3846,-0.5499,0.3436,0.2876
19.8000,0.8115,-0.1384,-1.2985,2.3961,0.5469,0.3421,0.0061,-0.7977,-0.1538,1.2786,2.3846,-0.5568,0.3455,0.2876
19.8498,0.8138,-0.1350,-1.2977,2.3965,0.5683,0.3471,0.0061,-0.7992,-0.1492,1.2770,2.3846,-0.5798,0.3490,0.2872
19.9006,0.8165,-0.1315,-1.2951,2.3961,0.5775,0.3474,0.0058,-0.8000,-0.1453,1.2740,2.3846,-0.5898,0.3490,0.2884
19.9501,0.8180,-0.1273,-1.2924,2.3976,0.5783,0.3494,0.0065,-0.8015,-0.1415,1.2713,2.3850,-0.5894,0.3490,0.2872
19.9900,0.8199,-0.1239,-1.2901,2.3976,0.5871,0.3520,0.0061,-0.8007,-0.1381,1.2690,2.3830,-0.5990,0.3524,0.2880
20.0399,0.8214,-0.1189,-1.2889,2.3972,0.6113,0.3551,0.0058,-0.8019,-0.1323,1.2678,2.3827,-0.6255,0.3570,0.2876
20.0898,0.8226,-0.1147,-1.2859,2.3968,0.6239,0.3559,0.0061,-0.8038,-0.1281,1.2640,2.3827,-0.6347,0.3582,0.2872
20.1401,0.8245,-0.1097,-1.2813,2.3976,0.6236,0.3582,0.0058,-0.8038,-0.1235,1.2590,2.3811,-0.6351,0.3605,0.2876
20.1900,0.8264,-0.1051,-1.2790,2.3972,0.6393,0.3628,0.0065,-0.8061,-0.1173,1.2567,2.3804,-0.6504,0.3643,0.2880
20.2399,0.8280,-0.1005,-1.2751,2.3972,0.6604,0.3659,0.0061,-0.8065,-0.1124,1.2525,2.3777,-0.6715,0.3666,0.2876
20.2798,0.8287,-0.0978,-1.2721,2.3984,0.6677,0.3666,0.0058,-0.8080,-0.1081,1.2502,2.3773,-0.6765,0.3685,0.2884
20.3299,0.8303,-0.0936,-1.2682,2.3972,0.6657,0.3693,0.0065,-0.8084,-0.1043,1.2467,2.3754,-0.6769,0.3720,0.2884
20.3800,0.8314,-0.0894,-1.2648,2.3972,0.6669,0.3705,0.0061,-0.8088,-0.0993,1.2425,2.3742,-0.6765,0.3720,0.2880
20.4300,0.8337,-0.0871,-1.2636,2.3965,0.6842,0.3743,0.0061,-0.8092,-0.0963,1.2406,2.3735,-0.6949,0.3766,0.2880
20.4799,0.8353,-0.0844,-1.2602,2.3968,0.7018,0.3766,0.0061,-0.8092,-0.0913,1.2364,2.3715,-0.7114,0.3793,0.2876
20.5200,0.8360,-0.0805,-1.2582,2.3965,0.7087,0.3789,0.0065,-0.8099,-0.0886,1.2349,2.3704,-0.7137,0.3812,0.2880
20.5699,0.8368,-0.0775,-1.2540,2.3961,0.7072,0.3808,0.0058,-0.8103,-0.0840,1.2303,2.3681,-0.7133,0.3831,0.2876
20.6198,0.8383,-0.0748,-1.2502,2.3957,0.7072,0.3827,0.0061,-0.8107,-0.0809,1.2268,2.3677,-0.7129,0.3862,0.2884
20.6700,0.8410,-0.0732,-1.2467,2.3949,0.7064,0.3839,0.0061,-0.8115,-0.0794,1.2245,2.3665,-0.7133,0.3877,0.2884
20.7200,0.8418,-0.0721,-1.2467,2.3934,0.7194,0.3866,0.0058,-0.8119,-0.0794,1.2218,2.3665,-0.7267,0.3896,0.2876
20.7599,0.8422,-0.0713,-1.2444,2.3930,0.7348,0.3919,0.0054,-0.8115,-0.0767,1.2222,2.3639,-0.7463,0.3935,0.2888
20.8098,0.8422,-0.0683,-1.2402,2.3907,0.7455,0.3942,0.0065,-0.8107,-0.0744,1.2153,2.3627,-0.7547,0.3958,0.2876
20.8598,0.8429,-0.0663,-1.2356,2.3884,0.7451,0.3988,0.0061,-0.8115,-0.0713,1.2111,2.3600,-0.7540,0.4011,0.2884
20.9098,0.8429,-0.0648,-1.2310,2.3876,0.7451,0.4031,0.0065,-0.8119,-0.0690,1.2046,2.3581,-0.7540,0.4077,0.2876
20.9601,0.8437,-0.0637,-1.2253,2.3865,0.7455,0.4031,0.0058,-0.8122,-0.0690,1.2000,2.3566,-0.7543,0.4119,0.2876
21.0001,0.8452,-0.0637,-1.2218,2.3861,0.7474,0.4077,0.0065,-0.8126,-0.0686,1.1950,2.3554,-0.7563,0.4153,0.2876
21.0498,0.8460,-0.0644,-1.2180,2.3846,0.7478,0.4176,0.0058,-0.8130,-0.0694,1.1881,2.3524,-0.7586,0.4245,0.2880
21.1001,0.8479,-0.0644,-1.2130,2.3834,0.7547,0.4249,0.0061,-0.8122,-0.0698,1.1800,2.3512,-0.7674,0.4357,0.2876
21.1498,0.8487,-0.0652,-1.2072,2.3815,0.7823,0.4380,0.0065,-0.8119,-0.0690,1.1704,2.3485,-0.7973,0.4521,0.2872
21.1999,0.8502,-0.0652,-1.1957,2.3788,0.8053,0.4552,0.0065,-0.8126,-0.0690,1.1566,2.3455,-0.8245,0.4659,0.2872
21.2400,0.8517,-0.0675,-1.1831,2.3761,0.8057,0.4694,0.0069,-0.8145,-0.0702,1.1440,2.3397,-0.8180,0.4782,0.2876
21.2900,0.8529,-0.0663,-1.1720,2.3769,0.8042,0.4824,0.0065,-0.8161,-0.0694,1.1336,2.3363,-0.8157,0.4890,0.2880
21.3399,0.8552,-0.0656,-1.1643,2.3788,0.8034,0.4821,0.0065,-0.8176,-0.0694,1.1259,2.3363,-0.8126,0.4932,0.2876
21.3899,0.8575,-0.0663,-1.1566,2.3773,0.8027,0.4778,0.0061,-0.8191,-0.0706,1.1175,2.3366,-0.8126,0.4874,0.2880
21.4399,0.8590,-0.0667,-1.1509,2.3750,0.8023,0.4771,0.0065,-0.8207,-0.0698,1.1102,2.3347,-0.8126,0.4859,0.2880
21.4898,0.8598,-0.0660,-1.1470,2.3746,0.8027,0.4798,0.0061,-0.8218,-0.0706,1.1075,2.3336,-0.8130,0.4886,0.2876
21.5299,0.8606,-0.0660,-1.1463,2.3742,0.8023,0.4844,0.0065,-0.8230,-0.0702,1.1079,2.3336,-0.8142,0.4878,0.2884
21.5800,0.8606,-0.0667,-1.1447,2.3754,0.8034,0.4916,0.0061,-0.8230,-0.0706,1.1083,2.3328,-0.8134,0.4890,0.2876
21.6300,0.8602,-0.0675,-1.1424,2.3742,0.8099,0.5051,0.0061,-0.8234,-0.0706,1.1068,2.3317,-0.8203,0.4901,0.2880
21.6798,0.8602,-0.0671,-1.1367,2.3738,0.8172,0.5062,0.0065,-0.8234,-0.0702,1.1048,2.3278,-0.8280,0.4905,0.2884
21.7301,0.8598,-0.0667,-1.1332,2.3727,0.8226,0.5039,0.0073,-0.8230,-0.0709,1.1037,2.3244,-0.8314,0.4913,0.2872
21.7699,0.8594,-0.0675,-1.1305,2.3715,0.8330,0.5043,0.0061,-0.8222,-0.0709,1.1025,2.3221,-0.8418,0.4916,0.2888
21.8200,0.8583,-0.0675,-1.1256,2.3677,0.8410,0.5047,0.0061,-0.8207,-0.0706,1.0991,2.3171,-0.8498,0.4920,0.2880
21.8699,0.8575,-0.0671,-1.1210,2.3642,0.8437,0.5047,0.0065,-0.8195,-0.0698,1.0937,2.3117,-0.8510,0.4943,0.2880
21.9200,0.8540,-0.0671,-1.1175,2.3612,0.8437,0.5054,0.0065,-0.8157,-0.0690,1.0926,2.3090,-0.8510,0.4924,0.2884
21.9702,0.8529,-0.0667,-1.1141,2.3593,0.8491,0.5054,0.0065,-0.8134,-0.0686,1.0903,2.3063,-0.8537,0.4924,0.2880
22.0099,0.8483,-0.0663,-1.1114,2.3570,0.8560,0.5043,0.0061,-0.8096,-0.0679,1.0880,2.3033,-0.8621,0.4943,0.2880
22.0600,0.8464,-0.0656,-1.1083,2.3531,0.8648,0.5051,0.0061,-0.8053,-0.0675,1.0841,2.2991,-0.8709,0.4928,0.2876
22.1099,0.8433,-0.0648,-1.1045,2.3485,0.8782,0.5051,0.0073,-0.8004,-0.0637,1.0803,2.2948,-0.8828,0.4936,0.2876
22.1600,0.8402,-0.0629,-1.0995,2.3443,0.8843,0.5058,0.0065,-0.7954,-0.0602,1.0749,2.2891,-0.8878,0.4943,0.2876
22.2099,0.8356,-0.0625,-1.0956,2.3393,0.8905,0.5081,0.0065,-0.7892,-0.0568,1.0703,2.2833,-0.8958,0.4955,0.2872
22.2501,0.8326,-0.0617,-1.0914,2.3347,0.8939,0.5100,0.0069,-0.7842,-0.0533,1.0669,2.2783,-0.8993,0.5001,0.2876
22.3000,0.8287,-0.0606,-1.0849,2.3290,0.8970,0.5116,0.0069,-0.7773,-0.0506,1.0611,2.2718,-0.9001,0.5028,0.2880
22.3500,0.8222,-0.0598,-1.0807,2.3232,0.9008,0.5112,0.0065,-0.7697,-0.0472,1.0542,2.2661,-0.9012,0.5028,0.2876
22.4000,0.8165,-0.0583,-1.0742,2.3186,0.9093,0.5104,0.0065,-0.7620,-0.0449,1.0492,2.2611,-0.9097,0.5031,0.2876
22.4499,0.8096,-0.0571,-1.0673,2.3109,0.9169,0.5108,0.0058,-0.7509,-0.0426,1.0400,2.2527,-0.9189,0.5024,0.2876
22.4899,0.8038,-0.0556,-1.0619,2.3060,0.9208,0.5112,0.0065,-0.7428,-0.0422,1.0362,2.2461,-0.9208,0.5016,0.2872
22.5400,0.7958,-0.0552,-1.0550,2.2994,0.9219,0.5097,0.0065,-0.7325,-0.0387,1.0297,2.2392,-0.9227,0.5012,0.2884
22.5901,0.7885,-0.0537,-1.0500,2.2925,0.9281,0.5100,0.0065,-0.7237,-0.0360,1.0255,2.2316,-0.9281,0.5008,0.2872
22.6400,0.7812,-0.0537,-1.0450,2.2872,0.9353,0.5104,0.0065,-0.7145,-0.0337,1.0201,2.2254,-0.9338,0.5016,0.2876
22.6898,0.7743,-0.0537,-1.0400,2.2806,0.9392,0.5100,0.0058,-0.7060,-0.0303,1.0136,2.2174,-0.9388,0.5020,0.2869
22.7400,0.7681,-0.0522,-1.0347,2.2753,0.9415,0.5116,0.0065,-0.6980,-0.0284,1.0071,2.2101,-0.9415,0.5012,0.2888
22.7829,0.7632,-0.0510,-1.0305,2.2695,0.9445,0.5127,0.0065,-0.6914,-0.0261,1.0032,2.2047,-0.9426,0.5008,0.2876
22.8299,0.7555,-0.0510,-1.0235,2.2638,0.9492,0.5143,0.0065,-0.6822,-0.0222,0.9975,2.1974,-0.9480,0.4993,0.2884
22.8798,0.7486,-0.0499,-1.0182,2.2576,0.9530,0.5154,0.0061,-0.6734,-0.0196,0.9917,2.1898,-0.9507,0.5001,0.2876
22.9299,0.7405,-0.0483,-1.0117,2.2492,0.9538,0.5127,0.0069,-0.6634,-0.0184,0.9860,2.1817,-0.9515,0.4989,0.2876
22.9800,0.7340,-0.0487,-1.0067,2.2446,0.9545,0.5139,0.0058,-0.6546,-0.0161,0.9817,2.1756,-0.9518,0.4978,0.2880
23.0200,0.7294,-0.0476,-1.0044,2.2415,0.9572,0.5143,0.0065,-0.6489,-0.0146,0.9791,2.1733,-0.9518,0.4989,0.2880
23.0700,0.7240,-0.0468,-1.0017,2.2365,0.9610,0.5139,0.0069,-0.6431,-0.0138,0.9764,2.1687,-0.9568,0.4970,0.2872
23.1200,0.7198,-0.0453,-1.0009,2.2327,0.9630,0.5143,0.0069,-0.6381,-0.0115,0.9748,2.1633,-0.9614,0.4970,0.2876
23.1700,0.7156,-0.0437,-0.9979,2.2273,0.9660,0.5135,0.0065,-0.6332,-0.0100,0.9725,2.1583,-0.9641,0.4970,0.2884
23.2198,0.7075,-0.0414,-0.9944,2.2201,0.9729,0.5143,0.0065,-0.6274,-0.0050,0.9691,2.1503,-0.9729,0.4959,0.2872
23.2600,0.7033,-0.0403,-0.9913,2.2143,0.9779,0.5139,0.0065,-0.6213,-0.0015,0.9656,2.1441,-0.9775,0.4955,0.2880
23.3100,0.6949,-0.0376,-0.9860,2.2070,0.9840,0.5147,0.0061,-0.6117,0.0012,0.9607,2.1345,-0.9798,0.4939,0.2880
23.3600,0.6849,-0.0360,-0.9810,2.1982,0.9883,0.5120,0.0065,-0.6006,0.0042,0.9549,2.1249,-0.9837,0.4936,0.2876
23.4101,0.6757,-0.0337,-0.9760,2.1894,0.9940,0.5181,0.0061,-0.5902,0.0092,0.9495,2.1173,-0.9898,0.4886,0.2884
23.4598,0.6627,-0.0295,-0.9725,2.1775,0.9998,0.5185,0.0065,-0.5756,0.0134,0.9445,2.1046,-0.9998,0.4882,0.2880
23.5000,0.6542,-0.0276,-0.9679,2.1698,1.0055,0.5200,0.0069,-0.5664,0.0176,0.9403,2.0977,-1.0040,0.4832,0.2884
23.5500,0.6424,-0.0234,-0.9649,2.1602,1.0109,0.5219,0.0061,-0.5542,0.0226,0.9380,2.0874,-1.0086,0.4859,0.2876
23.6002,0.6305,-0.0207,-0.9603,2.1510,1.0143,0.5166,0.0065,-0.5419,0.0284,0.9334,2.0778,-1.0120,0.4867,0.2880
23.6498,0.6201,-0.0173,-0.9580,2.1430,1.0186,0.5212,0.0065,-0.5327,0.0326,0.9296,2.0701,-1.0151,0.4870,0.2872
23.7001,0.6075,-0.0146,-0.9530,2.1345,1.0228,0.5170,0.0065,-0.5208,0.0364,0.9246,2.0605,-1.0197,0.4870,0.2876
23.7401,0.5990,-0.0111,-0.9511,2.1249,1.0312,0.5204,0.0065,-0.5116,0.0403,0.9219,2.0521,-1.0282,0.4893,0.2872
23.7899,0.5864,-0.0073,-0.9468,2.1146,1.0374,0.5181,0.0069,-0.5012,0.0449,0.9173,2.0425,-1.0370,0.4890,0.2872
23.8401,0.5749,-0.0042,-0.9426,2.1039,1.0400,0.5177,0.0065,-0.4913,0.0487,0.9123,2.0344,-1.0374,0.4901,0.2876
23.8898,0.5641,-0.0015,-0.9407,2.0943,1.0443,0.5208,0.0069,-0.4813,0.0529,0.9093,2.0268,-1.0416,0.4893,0.2876
23.9401,0.5515,0.0023,-0.9369,2.0854,1.0496,0.5173,0.0065,-0.4725,0.0564,0.9047,2.0183,-1.0446,0.4890,0.2876
23.9899,0.5380,0.0054,-0.9334,2.0743,1.0561,0.5173,0.0061,-0.4644,0.0591,0.8989,2.0103,-1.0508,0.4874,0.2876
