time,left_s0,left_s1,left_e0,left_e1,left_w0,left_w1,left_w2,right_s0,right_s1,right_e0,right_e1,right_w0,right_w1,right_w2
0.0000,0.1584,-0.3037,-1.3610,1.7269,-0.1143,0.1135,0.0061,-0.1730,-0.3030,1.3541,1.7430,0.1150,0.1158,0.2884
0.0398,0.1599,-0.3114,-1.3564,1.7399,-0.1147,0.1170,0.0065,-0.1737,-0.3076,1.3507,1.7564,0.1158,0.1131,0.2888
0.0798,0.1618,-0.3141,-1.3526,1.7518,-0.1135,0.1158,0.0061,-0.1756,-0.3114,1.3480,1.7668,0.1158,0.1124,0.2876
0.1198,0.1645,-0.3210,-1.3472,1.7610,-0.1139,0.1158,0.0069,-0.1783,-0.3148,1.3468,1.7756,0.1158,0.1120,0.2884
0.1597,0.1672,-0.3237,-1.3426,1.7683,-0.1135,0.1158,0.0061,-0.1806,-0.3172,1.3453,1.7825,0.1158,0.1124,0.2880
0.2100,0.1714,-0.3260,-1.3399,1.7783,-0.1143,0.1078,0.0061,-0.1848,-0.3175,1.3445,1.7917,0.1154,0.1024,0.2876
0.2498,0.1753,-0.3264,-1.3384,1.7825,-0.1147,0.1112,0.0061,-0.1879,-0.3175,1.3434,1.7959,0.1154,0.1047,0.2880
0.2899,0.1795,-0.3260,-1.3369,1.7875,-0.1139,0.1135,0.0061,-0.1910,-0.3183,1.3442,1.7978,0.1158,0.1124,0.2876
0.3297,0.1825,-0.3248,-1.3353,1.7902,-0.1143,0.1143,0.0058,-0.1937,-0.3183,1.3430,1.8024,0.1154,0.1112,0.2884
0.3698,0.1852,-0.3256,-1.3342,1.7913,-0.1131,0.1131,0.0061,-0.1952,-0.3175,1.3418,1.8028,0.1158,0.1120,0.2884
0.4197,0.1879,-0.3260,-1.3334,1.7905,-0.1143,0.1143,0.0065,-0.1971,-0.3187,1.3418,1.8032,0.1150,0.1104,0.2880
0.4620,0.1891,-0.3256,-1.3334,1.7902,-0.1139,0.1139,0.0061,-0.1979,-0.3183,1.3415,1.8020,0.1154,0.1104,0.2876
0.4999,0.1902,-0.3260,-1.3330,1.7902,-0.1143,0.1131,0.0065,-0.1990,-0.3183,1.3415,1.8020,0.1154,0.1101,0.2884
0.5401,0.1921,-0.3267,-1.3330,1.7932,-0.1135,0.1074,0.0061,-0.2013,-0.3183,1.3418,1.8059,0.1158,0.1047,0.2880
0.5800,0.1940,-0.3275,-1.3338,1.7978,-0.1135,0.1051,0.0069,-0.2036,-0.3187,1.3418,1.8097,0.1154,0.1035,0.2876
0.6297,0.1971,-0.3267,-1.3334,1.8032,-0.1147,0.1074,0.0065,-0.2063,-0.3175,1.3418,1.8120,0.1158,0.1112,0.2880
0.6700,0.2013,-0.3267,-1.3342,1.8089,-0.1135,0.1043,0.0061,-0.2102,-0.3187,1.3422,1.8197,0.1150,0.1074,0.2880
0.7100,0.2044,-0.3267,-1.3326,1.8124,-0.1147,0.1097,0.0061,-0.2132,-0.3183,1.3411,1.8216,0.1158,0.1108,0.2876
0.7501,0.2086,-0.3279,-1.3338,1.8208,-0.1143,0.0997,0.0065,-0.2174,-0.3175,1.3426,1.8297,0.1158,0.0974,0.2884
0.7900,0.2136,-0.3279,-1.3338,1.8254,-0.1131,0.1035,0.0061,-0.2217,-0.3175,1.3418,1.8327,0.1158,0.0997,0.2884
0.8415,0.2209,-0.3290,-1.3338,1.8369,-0.1154,0.0982,0.0061,-0.2293,-0.3187,1.3422,1.8419,0.1158,0.0974,0.2880
0.8798,0.2278,-0.3310,-1.3342,1.8458,-0.1158,0.1039,0.0069,-0.2347,-0.3191,1.3418,1.8496,0.1170,0.0989,0.2880
0.9200,0.2347,-0.3321,-1.3338,1.8534,-0.1162,0.1020,0.0061,-0.2408,-0.3198,1.3422,1.8542,0.1166,0.1112,0.2876
0.9599,0.2424,-0.3329,-1.3349,1.8630,-0.1147,0.0986,0.0069,-0.2477,-0.3195,1.3418,1.8630,0.1170,0.1089,0.2888
0.9999,0.2504,-0.3348,-1.3346,1.8703,-0.1154,0.1070,0.0073,-0.2543,-0.3198,1.3422,1.8695,0.1177,0.1101,0.2880
1.0499,0.2573,-0.3367,-1.3338,1.8768,-0.1162,0.1074,0.0065,-0.2600,-0.3195,1.3418,1.8749,0.1185,0.1108,0.2872
1.0900,0.2635,-0.3375,-1.3342,1.8822,-0.1189,0.1039,0.0061,-0.2650,-0.3195,1.3426,1.8807,0.1185,0.1066,0.2880
1.1298,0.2673,-0.3386,-1.3338,1.8879,-0.1197,0.1016,0.0061,-0.2688,-0.3202,1.3426,1.8853,0.1181,0.1078,0.2872
1.1698,0.2719,-0.3398,-1.3342,1.8910,-0.1200,0.1016,0.0058,-0.2723,-0.3206,1.3418,1.8876,0.1193,0.1085,0.2872
1.2101,0.2765,-0.3405,-1.3349,1.8964,-0.1197,0.1009,0.0069,-0.2757,-0.3210,1.3418,1.8941,0.1185,0.1039,0.2876
1.2600,0.2815,-0.3432,-1.3346,1.9010,-0.1193,0.1058,0.0065,-0.2796,-0.3214,1.3426,1.8968,0.1189,0.1108,0.2880
1.3000,0.2865,-0.3432,-1.3353,1.9064,-0.1216,0.1009,0.0069,-0.2815,-0.3214,1.3422,1.9025,0.1193,0.1055,0.2884
1.3398,0.2884,-0.3436,-1.3353,1.9106,-0.1223,0.1012,0.0069,-0.2842,-0.3218,1.3422,1.9071,0.1200,0.1032,0.2880
1.3799,0.2922,-0.3444,-1.3334,1.9156,-0.1220,0.1012,0.0069,-0.2872,-0.3225,1.3422,1.9094,0.1200,0.1055,0.2876
1.4298,0.2964,-0.3474,-1.3342,1.9228,-0.1223,0.1001,0.0065,-0.2915,-0.3233,1.3434,1.9159,0.1216,0.1028,0.2884
1.4699,0.2999,-0.3482,-1.3365,1.9271,-0.1220,0.1055,0.0061,-0.2945,-0.3237,1.3426,1.9198,0.1220,0.1039,0.2876
1.5098,0.3030,-0.3482,-1.3357,1.9320,-0.1212,0.1024,0.0061,-0.2964,-0.3241,1.3438,1.9221,0.1220,0.1081,0.2884
1.5499,0.3053,-0.3467,-1.3369,1.9343,-0.1220,0.1039,0.0065,-0.2991,-0.3237,1.3430,1.9244,0.1223,0.1085,0.2884
1.5900,0.3079,-0.3490,-1.3365,1.9363,-0.1212,0.1020,0.0061,-0.3010,-0.3244,1.3430,1.9255,0.1220,0.1085,0.2880
1.6399,0.3106,-0.3501,-1.3365,1.9405,-0.1246,0.1024,0.0073,-0.3033,-0.3248,1.3426,1.9320,0.1223,0.0986,0.2880
1.6799,0.3129,-0.3509,-1.3357,1.9443,-0.1269,0.1028,0.0061,-0.3053,-0.3260,1.3430,1.9340,0.1223,0.0993,0.2876
1.7209,0.3164,-0.3513,-1.3376,1.9493,-0.1266,0.1016,0.0065,-0.3087,-0.3260,1.3442,1.9374,0.1231,0.1012,0.2884
1.7597,0.3202,-0.3520,-1.3388,1.9543,-0.1262,0.1039,0.0065,-0.3122,-0.3264,1.3445,1.9416,0.1246,0.1127,0.2884
1.7999,0.3233,-0.3524,-1.3395,1.9581,-0.1262,0.1028,0.0061,-0.3160,-0.3267,1.3449,1.9436,0.1246,0.1193,0.2876
1.8500,0.3264,-0.3524,-1.3399,1.9608,-0.1266,0.1032,0.0058,-0.3183,-0.3271,1.3468,1.9474,0.1246,0.1162,0.2884
1.8900,0.3279,-0.3532,-1.3403,1.9612,-0.1262,0.1039,0.0061,-0.3214,-0.3271,1.3465,1.9478,0.1250,0.1166,0.2884
1.9297,0.3294,-0.3528,-1.3395,1.9620,-0.1266,0.1032,0.0065,-0.3218,-0.3275,1.3465,1.9482,0.1246,0.1147,0.2888
1.9698,0.3294,-0.3524,-1.3403,1.9616,-0.1262,0.1028,0.0065,-0.3221,-0.3287,1.3465,1.9485,0.1254,0.1139,0.2880
2.0099,0.3306,-0.3524,-1.3407,1.9620,-0.1266,0.1024,0.0065,-0.3218,-0.3275,1.3461,1.9485,0.1246,0.1108,0.2880
2.0597,0.3298,-0.3532,-1.3403,1.9620,-0.1266,0.1035,0.0058,-0.3210,-0.3279,1.3468,1.9482,0.1254,0.1116,0.2888
2.0997,0.3302,-0.3517,-1.3407,1.9631,-0.1262,0.1024,0.0058,-0.3221,-0.3279,1.3472,1.9489,0.1254,0.1131,0.2876
2.1408,0.3294,-0.3524,-1.3407,1.9620,-0.1254,0.1028,0.0061,-0.3214,-0.3279,1.3476,1.9485,0.1250,0.1139,0.2884
2.1815,0.3298,-0.3528,-1.3415,1.9620,-0.1266,0.1035,0.0058,-0.3202,-0.3283,1.3480,1.9482,0.1258,0.1150,0.2880
2.2198,0.3298,-0.3528,-1.3422,1.9620,-0.1258,0.1032,0.0061,-0.3221,-0.3283,1.3476,1.9478,0.1250,0.1147,0.2876
2.2701,0.3290,-0.3520,-1.3430,1.9620,-0.1262,0.1043,0.0069,-0.3218,-0.3283,1.3472,1.9474,0.1254,0.1150,0.2880
2.3099,0.3290,-0.3524,-1.3422,1.9604,-0.1269,0.1055,0.0061,-0.3221,-0.3279,1.3484,1.9478,0.1254,0.1143,0.2880
2.3499,0.3294,-0.3524,-1.3422,1.9593,-0.1258,0.1081,0.0069,-0.3218,-0.3275,1.3488,1.9466,0.1250,0.1166,0.2876
2.3900,0.3275,-0.3513,-1.3422,1.9554,-0.1258,0.1101,0.0061,-0.3198,-0.3271,1.3491,1.9432,0.1254,0.1173,0.2876
2.4322,0.3264,-0.3509,-1.3426,1.9512,-0.1266,0.1078,0.0061,-0.3183,-0.3275,1.3495,1.9390,0.1254,0.1162,0.2884
2.4800,0.3237,-0.3501,-1.3434,1.9428,-0.1281,0.1097,0.0069,-0.3168,-0.3275,1.3495,1.9324,0.1281,0.1158,0.2876
2.5199,0.3179,-0.3501,-1.3426,1.9328,-0.1335,0.1181,0.0065,-0.3129,-0.3260,1.3488,1.9232,0.1335,0.1143,0.2876
2.5597,0.3118,-0.3509,-1.3426,1.9225,-0.1361,0.1177,0.0065,-0.3072,-0.3260,1.3484,1.9117,0.1369,0.1112,0.2872
2.5998,0.3041,-0.3501,-1.3434,1.9129,-0.1373,0.1108,0.0061,-0.3014,-0.3260,1.3488,1.9018,0.1377,0.1047,0.2880
2.6498,0.2899,-0.3486,-1.3434,1.8972,-0.1377,0.1131,0.0069,-0.2899,-0.3267,1.3484,1.8891,0.1396,0.0997,0.2888
2.6899,0.2807,-0.3478,-1.3434,1.8906,-0.1369,0.0951,0.0065,-0.2826,-0.3248,1.3484,1.8803,0.1392,0.0970,0.2888
2.7299,0.2704,-0.3471,-1.3438,1.8807,-0.1438,0.1108,0.0065,-0.2750,-0.3260,1.3491,1.8726,0.1446,0.1032,0.2884
2.7698,0.2604,-0.3428,-1.3438,1.8726,-0.1507,0.1131,0.0061,-0.2658,-0.3248,1.3488,1.8638,0.1503,0.1170,0.2884
2.8098,0.2508,-0.3398,-1.3442,1.8649,-0.1515,0.1104,0.0069,-0.2569,-0.3256,1.3495,1.8592,0.1519,0.1074,0.2880
2.8604,0.2389,-0.3359,-1.3442,1.8569,-0.1511,0.1124,0.0065,-0.2470,-0.3256,1.3488,1.8496,0.1526,0.1104,0.2888
2.9000,0.2316,-0.3352,-1.3438,1.8488,-0.1526,0.1112,0.0065,-0.2374,-0.3248,1.3491,1.8435,0.1530,0.1043,0.2884
2.9400,0.2232,-0.3352,-1.3418,1.8431,-0.1607,0.1070,0.0065,-0.2293,-0.3248,1.3472,1.8362,0.1622,0.1020,0.2876
2.9798,0.2167,-0.3352,-1.3422,1.8354,-0.1672,0.1097,0.0065,-0.2205,-0.3248,1.3488,1.8274,0.1684,0.1078,0.2880
3.0200,0.2109,-0.3359,-1.3445,1.8300,-0.1691,0.1058,0.0065,-0.2121,-0.3248,1.3480,1.8231,0.1703,0.1039,0.2892
3.0700,0.2044,-0.3348,-1.3445,1.8189,-0.1726,0.1093,0.0065,-0.2044,-0.3248,1.3488,1.8139,0.1726,0.1104,0.2880
3.1100,0.1990,-0.3340,-1.3422,1.8078,-0.1779,0.1139,0.0058,-0.1963,-0.3244,1.3488,1.8043,0.1799,0.1097,0.2880
3.1523,0.1921,-0.3325,-1.3422,1.7932,-0.1833,0.1150,0.0065,-0.1883,-0.3244,1.3480,1.7890,0.1852,0.1093,0.2884
3.1900,0.1871,-0.3302,-1.3422,1.7817,-0.1856,0.1147,0.0061,-0.1818,-0.3248,1.3476,1.7787,0.1868,0.1089,0.2880
3.2307,0.1795,-0.3279,-1.3422,1.7664,-0.1860,0.1070,0.0065,-0.1745,-0.3237,1.3480,1.7648,0.1875,0.1024,0.2872
3.2799,0.1687,-0.3256,-1.3415,1.7499,-0.1860,0.0989,0.0065,-0.1653,-0.3244,1.3484,1.7503,0.1875,0.0940,0.2884
3.3199,0.1599,-0.3221,-1.3415,1.7357,-0.1879,0.1028,0.0069,-0.1576,-0.3241,1.3472,1.7353,0.1898,0.1058,0.2880
3.3597,0.1522,-0.3179,-1.3403,1.7234,-0.1906,0.1070,0.0065,-0.1515,-0.3237,1.3476,1.7234,0.1921,0.1089,0.2880
3.4000,0.1438,-0.3141,-1.3399,1.7115,-0.1906,0.1074,0.0069,-0.1453,-0.3237,1.3468,1.7146,0.1921,0.1078,0.2880
3.4400,0.1365,-0.3114,-1.3399,1.7004,-0.1914,0.1135,0.0069,-0.1388,-0.3229,1.3468,1.7023,0.1921,0.1127,0.2880
3.4898,0.1246,-0.3064,-1.3392,1.6866,-0.1921,0.1154,0.0065,-0.1308,-0.3214,1.3457,1.6889,0.1940,0.1120,0.2876
3.5300,0.1166,-0.3053,-1.3376,1.6778,-0.1937,0.1170,0.0069,-0.1246,-0.3218,1.3453,1.6801,0.1956,0.1147,0.2884
3.5700,0.1093,-0.3026,-1.3365,1.6690,-0.1952,0.1170,0.0061,-0.1170,-0.3214,1.3430,1.6701,0.1967,0.1181,0.2880
3.6099,0.1020,-0.2991,-1.3349,1.6594,-0.1952,0.1235,0.0065,-0.1112,-0.3198,1.3422,1.6613,0.1967,0.1135,0.2876
3.6499,0.0951,-0.2980,-1.3342,1.6513,-0.1956,0.1269,0.0065,-0.1055,-0.3183,1.3418,1.6532,0.1963,0.1162,0.2884
3.6997,0.0890,-0.2957,-1.3338,1.6421,-0.1952,0.1300,0.0061,-0.1001,-0.3168,1.3403,1.6437,0.1967,0.1262,0.2880
3.7398,0.0851,-0.2930,-1.3330,1.6345,-0.1952,0.1327,0.0058,-0.0943,-0.3152,1.3388,1.6352,0.1963,0.1350,0.2880
3.7801,0.0805,-0.2938,-1.3323,1.6283,-0.1952,0.1323,0.0065,-0.0909,-0.3145,1.3388,1.6333,0.1971,0.1254,0.2884
3.8201,0.0775,-0.2926,-1.3330,1.6245,-0.1956,0.1308,0.0061,-0.0874,-0.3141,1.3372,1.6291,0.1963,0.1277,0.2884
3.8599,0.0778,-0.2938,-1.3338,1.6226,-0.1956,0.1308,0.0061,-0.0863,-0.3133,1.3380,1.6272,0.1971,0.1292,0.2880
3.9101,0.0775,-0.2934,-1.3326,1.6176,-0.1952,0.1396,0.0069,-0.0840,-0.3110,1.3369,1.6245,0.1967,0.1369,0.2888
3.9500,0.0771,-0.2903,-1.3330,1.6130,-0.1956,0.1384,0.0061,-0.0840,-0.3106,1.3365,1.6222,0.1967,0.1373,0.2884
3.9900,0.0767,-0.2915,-1.3323,1.6091,-0.1960,0.1423,0.0061,-0.0832,-0.3102,1.3361,1.6176,0.1971,0.1427,0.2884
4.0299,0.0752,-0.2895,-1.3311,1.6003,-0.1956,0.1553,0.0061,-0.0813,-0.3068,1.3365,1.6088,0.1960,0.1549,0.2876
4.0799,0.0752,-0.2865,-1.3319,1.5911,-0.1967,0.1630,0.0061,-0.0805,-0.3022,1.3353,1.5996,0.1967,0.1568,0.2884
4.1198,0.0744,-0.2834,-1.3319,1.5854,-0.1971,0.1653,0.0061,-0.0802,-0.3003,1.3349,1.5930,0.1963,0.1630,0.2876
4.1597,0.0732,-0.2803,-1.3311,1.5769,-0.1967,0.1730,0.0065,-0.0786,-0.2968,1.3353,1.5846,0.1975,0.1630,0.2876
4.2000,0.0729,-0.2784,-1.3307,1.5731,-0.1967,0.1641,0.0058,-0.0790,-0.2941,1.3346,1.5804,0.1983,0.1572,0.2872
4.2400,0.0721,-0.2769,-1.3303,1.5662,-0.1967,0.1718,0.0069,-0.0782,-0.2930,1.3334,1.5742,0.1983,0.1588,0.2880
4.2897,0.0706,-0.2738,-1.3300,1.5608,-0.1967,0.1733,0.0061,-0.0775,-0.2899,1.3334,1.5673,0.1979,0.1676,0.2880
4.3297,0.0709,-0.2707,-1.3303,1.5562,-0.1967,0.1772,0.0065,-0.0794,-0.2880,1.3323,1.5643,0.1987,0.1772,0.2880
4.3702,0.0694,-0.2688,-1.3303,1.5524,-0.1963,0.1791,0.0065,-0.0790,-0.2865,1.3323,1.5581,0.1983,0.1940,0.2884
4.4115,0.0686,-0.2673,-1.3300,1.5489,-0.1971,0.1825,0.0073,-0.0790,-0.2865,1.3330,1.5578,0.1990,0.1860,0.2876
4.4504,0.0679,-0.2673,-1.3296,1.5482,-0.1963,0.1776,0.0061,-0.0778,-0.2861,1.3323,1.5562,0.1994,0.1845,0.2880
4.5000,0.0686,-0.2658,-1.3296,1.5463,-0.2010,0.1787,0.0061,-0.0763,-0.2857,1.3319,1.5558,0.2017,0.1726,0.2884
4.5400,0.0679,-0.2658,-1.3292,1.5459,-0.2071,0.1810,0.0061,-0.0752,-0.2857,1.3311,1.5543,0.2071,0.1722,0.2880
4.5800,0.0679,-0.2661,-1.3288,1.5470,-0.2144,0.1783,0.0065,-0.0744,-0.2853,1.3311,1.5532,0.2144,0.1726,0.2880
4.6201,0.0683,-0.2673,-1.3284,1.5489,-0.2220,0.1791,0.0058,-0.0740,-0.2872,1.3296,1.5547,0.2240,0.1726,0.2888
4.6600,0.0679,-0.2673,-1.3269,1.5505,-0.2243,0.1791,0.0065,-0.0744,-0.2869,1.3292,1.5547,0.2278,0.1760,0.2880
4.7098,0.0683,-0.2696,-1.3257,1.5555,-0.2351,0.1710,0.0065,-0.0740,-0.2895,1.3273,1.5604,0.2385,0.1588,0.2880
4.7499,0.0683,-0.2727,-1.3238,1.5604,-0.2378,0.1657,0.0069,-0.0729,-0.2941,1.3257,1.5608,0.2424,0.1526,0.2884
4.7900,0.0675,-0.2777,-1.3223,1.5662,-0.2424,0.1568,0.0061,-0.0732,-0.2976,1.3250,1.5650,0.2470,0.1430,0.2876
4.8299,0.0683,-0.2830,-1.3188,1.5727,-0.2508,0.1530,0.0069,-0.0732,-0.3018,1.3227,1.5704,0.2558,0.1381,0.2880
4.8723,0.0667,-0.2907,-1.3154,1.5808,-0.2531,0.1492,0.0065,-0.0729,-0.3076,1.3219,1.5750,0.2581,0.1396,0.2888
4.9198,0.0683,-0.2953,-1.3139,1.5888,-0.2531,0.1476,0.0065,-0.0729,-0.3122,1.3204,1.5815,0.2600,0.1346,0.2880
4.9597,0.0690,-0.3041,-1.3108,1.5969,-0.2535,0.1515,0.0061,-0.0732,-0.3175,1.3192,1.5858,0.2608,0.1438,0.2880
5.0000,0.0694,-0.3068,-1.3104,1.6038,-0.2543,0.1484,0.0061,-0.0725,-0.3210,1.3200,1.5915,0.2608,0.1484,0.2880
5.0399,0.0690,-0.3102,-1.3108,1.6076,-0.2612,0.1511,0.0061,-0.0729,-0.3237,1.3200,1.5957,0.2704,0.1488,0.2876
5.0799,0.0690,-0.3141,-1.3093,1.6126,-0.2650,0.1488,0.0065,-0.0717,-0.3260,1.3196,1.5996,0.2730,0.1453,0.2880
5.1297,0.0713,-0.3175,-1.3077,1.6187,-0.2650,0.1473,0.0065,-0.0702,-0.3264,1.3181,1.6034,0.2746,0.1331,0.2872
5.1698,0.0717,-0.3206,-1.3073,1.6222,-0.2654,0.1492,0.0058,-0.0694,-0.3279,1.3173,1.6049,0.2753,0.1254,0.2880
5.2101,0.0725,-0.3233,-1.3066,1.6253,-0.2661,0.1461,0.0069,-0.0683,-0.3275,1.3165,1.6065,0.2750,0.1273,0.2884
5.2499,0.0740,-0.3248,-1.3062,1.6287,-0.2719,0.1484,0.0065,-0.0690,-0.3283,1.3150,1.6107,0.2800,0.1312,0.2880
5.2998,0.0752,-0.3267,-1.3043,1.6314,-0.2819,0.1461,0.0058,-0.0686,-0.3306,1.3127,1.6103,0.2915,0.1442,0.2884
5.3398,0.0759,-0.3279,-1.3043,1.6322,-0.2846,0.1434,0.0065,-0.0706,-0.3317,1.3119,1.6134,0.2930,0.1373,0.2888
5.3811,0.0767,-0.3294,-1.3035,1.6348,-0.2842,0.1442,0.0065,-0.0698,-0.3336,1.3104,1.6153,0.2938,0.1308,0.2884
5.4200,0.0782,-0.3313,-1.3020,1.6375,-0.2842,0.1450,0.0069,-0.0694,-0.3348,1.3081,1.6164,0.2941,0.1262,0.2872
5.4599,0.0786,-0.3321,-1.3000,1.6398,-0.2880,0.1453,0.0065,-0.0702,-0.3367,1.3066,1.6160,0.2961,0.1289,0.2872
5.5100,0.0794,-0.3356,-1.2985,1.6414,-0.2945,0.1446,0.0069,-0.0709,-0.3390,1.3054,1.6176,0.3049,0.1289,0.2880
5.5498,0.0794,-0.3375,-1.2981,1.6433,-0.2953,0.1450,0.0065,-0.0713,-0.3413,1.3047,1.6180,0.3068,0.1292,0.2880
5.5898,0.0794,-0.3386,-1.2962,1.6444,-0.2961,0.1434,0.0069,-0.0717,-0.3432,1.3035,1.6191,0.3087,0.1292,0.2880
5.6300,0.0813,-0.3405,-1.2947,1.6475,-0.2953,0.1457,0.0073,-0.0717,-0.3455,1.3031,1.6199,0.3091,0.1292,0.2876
5.6698,0.0825,-0.3417,-1.2943,1.6479,-0.2961,0.1446,0.0065,-0.0721,-0.3478,1.3031,1.6203,0.3091,0.1289,0.2888
5.7200,0.0821,-0.3425,-1.2939,1.6490,-0.2961,0.1453,0.0069,-0.0721,-0.3501,1.3035,1.6210,0.3091,0.1289,0.2880
5.7600,0.0817,-0.3448,-1.2931,1.6471,-0.2976,0.1461,0.0069,-0.0725,-0.3509,1.3023,1.6187,0.3095,0.1331,0.2880
5.7999,0.0821,-0.3444,-1.2928,1.6456,-0.2984,0.1457,0.0065,-0.0717,-0.3513,1.3023,1.6180,0.3091,0.1350,0.2876
5.8400,0.0817,-0.3436,-1.2920,1.6425,-0.2991,0.1484,0.0061,-0.0713,-0.3513,1.3023,1.6149,0.3106,0.1381,0.2880
5.8799,0.0802,-0.3432,-1.2912,1.6383,-0.2987,0.1519,0.0058,-0.0694,-0.3509,1.3008,1.6076,0.3122,0.1496,0.2880
5.9298,0.0802,-0.3425,-1.2912,1.6333,-0.2987,0.1565,0.0065,-0.0690,-0.3517,1.2989,1.6045,0.3137,0.1496,0.2884
5.9700,0.0786,-0.3436,-1.2897,1.6283,-0.2991,0.1580,0.0065,-0.0679,-0.3505,1.2970,1.5996,0.3145,0.1545,0.2880
6.0100,0.0767,-0.3440,-1.2885,1.6241,-0.2999,0.1561,0.0065,-0.0671,-0.3517,1.2974,1.5950,0.3145,0.1526,0.2876
6.0497,0.0759,-0.3436,-1.2885,1.6210,-0.2995,0.1576,0.0061,-0.0663,-0.3517,1.2954,1.5911,0.3148,0.1476,0.2876
6.0899,0.0755,-0.3417,-1.2878,1.6183,-0.3003,0.1584,0.0065,-0.0640,-0.3505,1.2935,1.5877,0.3148,0.1423,0.2876
6.1399,0.0744,-0.3432,-1.2870,1.6130,-0.3041,0.1634,0.0065,-0.0617,-0.3505,1.2920,1.5796,0.3179,0.1519,0.2880
6.1799,0.0717,-0.3417,-1.2855,1.6114,-0.3053,0.1664,0.0061,-0.0610,-0.3513,1.2908,1.5785,0.3179,0.1530,0.2876
6.2197,0.0713,-0.3421,-1.2859,1.6076,-0.3049,0.1668,0.0065,-0.0587,-0.3505,1.2889,1.5739,0.3183,0.1595,0.2880
6.2598,0.0694,-0.3428,-1.2839,1.6045,-0.3049,0.1703,0.0061,-0.0568,-0.3509,1.2889,1.5704,0.3191,0.1657,0.2888
6.2999,0.0683,-0.3413,-1.2832,1.6026,-0.3045,0.1714,0.0069,-0.0556,-0.3517,1.2882,1.5681,0.3198,0.1638,0.2876
6.3500,0.0660,-0.3413,-1.2824,1.6007,-0.3045,0.1699,0.0065,-0.0529,-0.3513,1.2866,1.5662,0.3202,0.1584,0.2884
6.3899,0.0652,-0.3398,-1.2809,1.5999,-0.3068,0.1710,0.0065,-0.0514,-0.3509,1.2862,1.5647,0.3198,0.1568,0.2880
6.4304,0.0637,-0.3409,-1.2801,1.5980,-0.3091,0.1756,0.0069,-0.0495,-0.3505,1.2851,1.5608,0.3229,0.1641,0.2880
6.4698,0.0621,-0.3402,-1.2797,1.5965,-0.3087,0.1772,0.0065,-0.0479,-0.3509,1.2843,1.5593,0.3248,0.1657,0.2876
6.5100,0.0606,-0.3402,-1.2786,1.5957,-0.3095,0.1783,0.0058,-0.0464,-0.3509,1.2839,1.5574,0.3252,0.1641,0.2884
6.5599,0.0575,-0.3405,-1.2767,1.5900,-0.3095,0.1856,0.0061,-0.0437,-0.3505,1.2813,1.5528,0.3271,0.1672,0.2876
6.6000,0.0564,-0.3409,-1.2751,1.5865,-0.3095,0.1910,0.0069,-0.0422,-0.3509,1.2805,1.5478,0.3267,0.1730,0.2880
6.6400,0.0556,-0.3405,-1.2744,1.5838,-0.3091,0.1921,0.0069,-0.0414,-0.3505,1.2793,1.5451,0.3271,0.1764,0.2880
6.6800,0.0525,-0.3390,-1.2724,1.5800,-0.3118,0.1933,0.0065,-0.0383,-0.3505,1.2790,1.5401,0.3271,0.1825,0.2880
6.7300,0.0502,-0.3394,-1.2694,1.5769,-0.3160,0.1979,0.0061,-0.0376,-0.3513,1.2759,1.5374,0.3333,0.1806,0.2880
6.7700,0.0502,-0.3386,-1.2694,1.5758,-0.3183,0.1987,0.0065,-0.0349,-0.3517,1.2759,1.5336,0.3348,0.1799,0.2880
6.8098,0.0479,-0.3394,-1.2663,1.5750,-0.3310,0.2002,0.0065,-0.0341,-0.3532,1.2740,1.5305,0.3505,0.1825,0.2876
6.8499,0.0476,-0.3417,-1.2636,1.5746,-0.3402,0.1998,0.0065,-0.0314,-0.3551,1.2721,1.5282,0.3586,0.1829,0.2880
6.8900,0.0460,-0.3417,-1.2632,1.5742,-0.3413,0.1990,0.0065,-0.0307,-0.3567,1.2698,1.5271,0.3605,0.1829,0.2880
6.9400,0.0456,-0.3451,-1.2594,1.5746,-0.3474,0.1990,0.0069,-0.0288,-0.3609,1.2686,1.5259,0.3662,0.1829,0.2876
6.9799,0.0456,-0.3494,-1.2571,1.5758,-0.3528,0.1987,0.0065,-0.0276,-0.3655,1.2667,1.5267,0.3712,0.1822,0.2872
7.0200,0.0456,-0.3509,-1.2567,1.5762,-0.3540,0.1994,0.0061,-0.0265,-0.3697,1.2652,1.5271,0.3716,0.1837,0.2880
7.0599,0.0430,-0.3551,-1.2548,1.5785,-0.3647,0.1967,0.0065,-0.0257,-0.3743,1.2644,1.5282,0.3850,0.1822,0.2888
7.0998,0.0437,-0.3590,-1.2533,1.5812,-0.3720,0.1983,0.0069,-0.0245,-0.3789,1.2636,1.5305,0.3915,0.1825,0.2888
7.1499,0.0433,-0.3639,-1.2525,1.5835,-0.3743,0.1983,0.0069,-0.0242,-0.3854,1.2628,1.5309,0.3923,0.1802,0.2880
7.1900,0.0437,-0.3693,-1.2521,1.5873,-0.3808,0.1983,0.0061,-0.0234,-0.3919,1.2621,1.5332,0.4004,0.1822,0.2880
7.2299,0.0433,-0.3770,-1.2517,1.5915,-0.3850,0.1971,0.0069,-0.0242,-0.3969,1.2613,1.5367,0.4042,0.1802,0.2880
7.2701,0.0441,-0.3816,-1.2517,1.5950,-0.3908,0.1971,0.0069,-0.0238,-0.4027,1.2617,1.5390,0.4084,0.1806,0.2884
7.3100,0.0449,-0.3889,-1.2502,1.5999,-0.4050,0.1971,0.0065,-0.0242,-0.4096,1.2613,1.5424,0.4222,0.1806,0.2880
7.3599,0.0437,-0.3977,-1.2498,1.6053,-0.4126,0.1975,0.0065,-0.0242,-0.4180,1.2605,1.5474,0.4299,0.1799,0.2884
7.4000,0.0453,-0.4038,-1.2498,1.6099,-0.4130,0.1956,0.0065,-0.0242,-0.4230,1.2609,1.5505,0.4310,0.1795,0.2876
7.4400,0.0456,-0.4111,-1.2498,1.6172,-0.4222,0.1971,0.0069,-0.0245,-0.4299,1.2605,1.5551,0.4414,0.1799,0.2876
7.4800,0.0479,-0.4188,-1.2494,1.6230,-0.4291,0.1983,0.0069,-0.0253,-0.4368,1.2602,1.5608,0.4487,0.1814,0.2884
7.5201,0.0495,-0.4257,-1.2502,1.6291,-0.4314,0.1975,0.0069,-0.0253,-0.4422,1.2605,1.5643,0.4510,0.1806,0.2880
7.5700,0.0545,-0.4337,-1.2506,1.6379,-0.4318,0.1967,0.0061,-0.0272,-0.4498,1.2605,1.5723,0.4514,0.1806,0.2888
7.6106,0.0575,-0.4383,-1.2510,1.6429,-0.4322,0.1987,0.0065,-0.0288,-0.4556,1.2609,1.5773,0.4518,0.1837,0.2880
7.6500,0.0606,-0.4410,-1.2517,1.6463,-0.4314,0.1987,0.0065,-0.0299,-0.4594,1.2609,1.5823,0.4510,0.1802,0.2876
7.6899,0.0633,-0.4433,-1.2510,1.6490,-0.4360,0.1975,0.0061,-0.0330,-0.4613,1.2625,1.5850,0.4541,0.1822,0.2888
7.7301,0.0679,-0.4472,-1.2510,1.6532,-0.4472,0.1979,0.0061,-0.0353,-0.4652,1.2625,1.5896,0.4659,0.1799,0.2880
7.7800,0.0721,-0.4487,-1.2502,1.6571,-0.4541,0.1971,0.0065,-0.0395,-0.4682,1.2621,1.5938,0.4728,0.1810,0.2884
7.8199,0.0748,-0.4514,-1.2498,1.6609,-0.4564,0.1960,0.0065,-0.0422,-0.4694,1.2636,1.5969,0.4740,0.1795,0.2876
7.8600,0.0798,-0.4560,-1.2513,1.6667,-0.4656,0.1987,0.0069,-0.0476,-0.4744,1.2632,1.6045,0.4828,0.1802,0.2876
7.9000,0.0836,-0.4602,-1.2521,1.6720,-0.4690,0.1983,0.0061,-0.0518,-0.4775,1.2644,1.6103,0.4855,0.1822,0.2880
7.9498,0.0882,-0.4656,-1.2521,1.6763,-0.4767,0.1979,0.0065,-0.0579,-0.4821,1.2659,1.6160,0.4970,0.1791,0.2884
7.9898,0.0928,-0.4694,-1.2540,1.6828,-0.4821,0.2010,0.0065,-0.0640,-0.4863,1.2678,1.6207,0.5024,0.1829,0.2892
8.0298,0.0989,-0.4736,-1.2552,1.6858,-0.4832,0.2036,0.0065,-0.0694,-0.4905,1.2701,1.6245,0.5035,0.1829,0.2876
8.0698,0.1035,-0.4790,-1.2571,1.6916,-0.4836,0.2036,0.0073,-0.0752,-0.4943,1.2728,1.6291,0.5035,0.1814,0.2880
8.1100,0.1093,-0.4824,-1.2590,1.6962,-0.4836,0.2071,0.0061,-0.0821,-0.4985,1.2747,1.6329,0.5028,0.1883,0.2884
8.1600,0.1135,-0.4855,-1.2617,1.7000,-0.4928,0.2075,0.0065,-0.0882,-0.5024,1.2767,1.6371,0.5112,0.1875,0.2876
8.1997,0.1189,-0.4890,-1.2648,1.7027,-0.4970,0.2071,0.0061,-0.0932,-0.5058,1.2797,1.6410,0.5147,0.1887,0.2884
8.2400,0.1231,-0.4924,-1.2663,1.7046,-0.4974,0.2075,0.0069,-0.0963,-0.5085,1.2816,1.6425,0.5154,0.1906,0.2876
8.2800,0.1258,-0.4951,-1.2678,1.7069,-0.5051,0.2105,0.0065,-0.1001,-0.5104,1.2828,1.6456,0.5216,0.1925,0.2872
8.3198,0.1296,-0.4985,-1.2709,1.7081,-0.5100,0.2144,0.0069,-0.1035,-0.5135,1.2851,1.6490,0.5262,0.1948,0.2884
8.3701,0.1327,-0.5005,-1.2755,1.7112,-0.5100,0.2171,0.0065,-0.1074,-0.5158,1.2885,1.6536,0.5273,0.1971,0.2880
8.4099,0.1354,-0.5039,-1.2774,1.7138,-0.5127,0.2186,0.0073,-0.1108,-0.5189,1.2908,1.6563,0.5281,0.2017,0.2876
8.4498,0.1392,-0.5070,-1.2805,1.7165,-0.5196,0.2197,0.0058,-0.1150,-0.5216,1.2931,1.6594,0.5354,0.2010,0.2880
8.4898,0.1434,-0.5093,-1.2832,1.7184,-0.5216,0.2220,0.0065,-0.1181,-0.5231,1.2958,1.6628,0.5377,0.2040,0.2880
8.5297,0.1453,-0.5120,-1.2855,1.7204,-0.5231,0.2232,0.0065,-0.1223,-0.5269,1.2981,1.6651,0.5384,0.2056,0.2876
8.5801,0.1503,-0.5150,-1.2889,1.7246,-0.5250,0.2274,0.0069,-0.1266,-0.5292,1.3008,1.6690,0.5400,0.2079,0.2876
8.6202,0.1542,-0.5162,-1.2912,1.7261,-0.5304,0.2312,0.0069,-0.1300,-0.5308,1.3039,1.6724,0.5461,0.2102,0.2872
8.6598,0.1568,-0.5189,-1.2951,1.7276,-0.5338,0.2316,0.0065,-0.1331,-0.5334,1.3054,1.6743,0.5495,0.2144,0.2880
8.6998,0.1595,-0.5204,-1.2962,1.7288,-0.5342,0.2328,0.0065,-0.1373,-0.5350,1.3085,1.6778,0.5495,0.2155,0.2880
8.7398,0.1618,-0.5223,-1.2997,1.7307,-0.5338,0.2335,0.0065,-0.1404,-0.5377,1.3108,1.6801,0.5507,0.2148,0.2880
8.7898,0.1649,-0.5239,-1.3020,1.7315,-0.5338,0.2362,0.0061,-0.1434,-0.5388,1.3131,1.6809,0.5511,0.2159,0.2884
8.8298,0.1668,-0.5250,-1.3023,1.7326,-0.5346,0.2351,0.0065,-0.1461,-0.5400,1.3139,1.6812,0.5507,0.2178,0.2884
8.8697,0.1684,-0.5250,-1.3043,1.7322,-0.5342,0.2355,0.0069,-0.1476,-0.5396,1.3162,1.6805,0.5495,0.2186,0.2876
8.9098,0.1687,-0.5250,-1.3039,1.7326,-0.5338,0.2351,0.0065,-0.1480,-0.5392,1.3158,1.6812,0.5511,0.2155,0.2884
8.9498,0.1695,-0.5250,-1.3047,1.7326,-0.5342,0.2355,0.0065,-0.1488,-0.5396,1.3162,1.6809,0.5511,0.2155,0.2876
8.9999,0.1695,-0.5250,-1.3047,1.7334,-0.5338,0.2355,0.0061,-0.1488,-0.5396,1.3162,1.6816,0.5511,0.2167,0.2876
9.0398,0.1684,-0.5250,-1.3047,1.7330,-0.5338,0.2351,0.0065,-0.1492,-0.5396,1.3169,1.6812,0.5511,0.2163,0.2884
9.0799,0.1691,-0.5258,-1.3043,1.7334,-0.5338,0.2355,0.0065,-0.1484,-0.5396,1.3169,1.6816,0.5511,0.2174,0.2880
9.1198,0.1687,-0.5254,-1.3043,1.7334,-0.5342,0.2362,0.0069,-0.1488,-0.5403,1.3162,1.6809,0.5515,0.2167,0.2880
9.1597,0.1684,-0.5254,-1.3039,1.7330,-0.5334,0.2355,0.0069,-0.1488,-0.5396,1.3173,1.6816,0.5507,0.2167,0.2872
9.2101,0.1687,-0.5250,-1.3039,1.7338,-0.5346,0.2347,0.0065,-0.1492,-0.5396,1.3162,1.6820,0.5511,0.2174,0.2872
9.2498,0.1691,-0.5254,-1.3043,1.7330,-0.5338,0.2355,0.0061,-0.1488,-0.5403,1.3177,1.6812,0.5507,0.2163,0.2880
9.2898,0.1684,-0.5258,-1.3039,1.7322,-0.5338,0.2351,0.0069,-0.1492,-0.5407,1.3165,1.6816,0.5511,0.2174,0.2880
9.3297,0.1687,-0.5250,-1.3047,1.7330,-0.5342,0.2351,0.0061,-0.1488,-0.5388,1.3169,1.6812,0.5515,0.2174,0.2880
9.3799,0.1687,-0.5254,-1.3043,1.7334,-0.5338,0.2351,0.0065,-0.1492,-0.5392,1.3169,1.6809,0.5511,0.2178,0.2884
9.4198,0.1684,-0.5250,-1.3043,1.7322,-0.5338,0.2351,0.0069,-0.1484,-0.5396,1.3169,1.6812,0.5515,0.2171,0.2880
9.4598,0.1691,-0.5254,-1.3043,1.7322,-0.5338,0.2351,0.0061,-0.1492,-0.5396,1.3165,1.6820,0.5507,0.2171,0.2876
9.4999,0.1684,-0.5246,-1.3043,1.7322,-0.5342,0.2347,0.0065,-0.1484,-0.5392,1.3169,1.6816,0.5511,0.2171,0.2872
9.5398,0.1676,-0.5258,-1.3047,1.7330,-0.5338,0.2358,0.0065,-0.1488,-0.5392,1.3165,1.6816,0.5507,0.2167,0.2884
9.5898,0.1684,-0.5254,-1.3043,1.7322,-0.5342,0.2347,0.0065,-0.1488,-0.5392,1.3173,1.6812,0.5511,0.2167,0.2876
9.6297,0.1676,-0.5246,-1.3050,1.7326,-0.5334,0.2347,0.0065,-0.1488,-0.5392,1.3177,1.6820,0.5515,0.2171,0.2880
9.6697,0.1676,-0.5258,-1.3043,1.7322,-0.5338,0.2355,0.0069,-0.1484,-0.5400,1.3177,1.6805,0.5515,0.2163,0.2876
9.7101,0.1672,-0.5254,-1.3043,1.7326,-0.5342,0.2355,0.0065,-0.1488,-0.5396,1.3173,1.6812,0.5503,0.2171,0.2884
9.7499,0.1672,-0.5246,-1.3050,1.7319,-0.5338,0.2351,0.0069,-0.1496,-0.5396,1.3173,1.6812,0.5507,0.2171,0.2876
9.7998,0.1664,-0.5246,-1.3050,1.7311,-0.5338,0.2355,0.0069,-0.1484,-0.5384,1.3173,1.6809,0.5511,0.2167,0.2876
9.8399,0.1661,-0.5242,-1.3050,1.7315,-0.5338,0.2351,0.0061,-0.1476,-0.5392,1.3173,1.6805,0.5515,0.2163,0.2880
9.8801,0.1668,-0.5246,-1.3047,1.7299,-0.5342,0.2358,0.0061,-0.1476,-0.5384,1.3177,1.6801,0.5511,0.2171,0.2880
9.9198,0.1657,-0.5239,-1.3047,1.7311,-0.5334,0.2355,0.0061,-0.1465,-0.5392,1.3185,1.6801,0.5511,0.2171,0.2880
9.9597,0.1661,-0.5246,-1.3050,1.7303,-0.5346,0.2358,0.0069,-0.1461,-0.5388,1.3181,1.6801,0.5511,0.2167,0.2884
10.0101,0.1657,-0.5235,-1.3047,1.7303,-0.5338,0.2351,0.0065,-0.1461,-0.5384,1.3177,1.6789,0.5511,0.2174,0.2884
10.0500,0.1653,-0.5231,-1.3047,1.7296,-0.5338,0.2351,0.0069,-0.1461,-0.5384,1.3181,1.6797,0.5507,0.2167,0.2880
10.0900,0.1653,-0.5239,-1.3047,1.7299,-0.5338,0.2362,0.0065,-0.1461,-0.5384,1.3173,1.6793,0.5515,0.2171,0.2880
10.1300,0.1653,-0.5235,-1.3039,1.7269,-0.5338,0.2385,0.0069,-0.1453,-0.5377,1.3169,1.6766,0.5511,0.2197,0.2880
10.1699,0.1645,-0.5235,-1.3043,1.7242,-0.5331,0.2420,0.0065,-0.1446,-0.5380,1.3169,1.6740,0.5503,0.2220,0.2876
10.2198,0.1607,-0.5223,-1.3039,1.7154,-0.5315,0.2493,0.0065,-0.1415,-0.5369,1.3162,1.6640,0.5461,0.2301,0.2880
10.2599,0.1557,-0.5208,-1.3039,1.7062,-0.5292,0.2497,0.0065,-0.1381,-0.5357,1.3162,1.6555,0.5469,0.2312,0.2880
10.3000,0.1503,-0.5204,-1.3035,1.6970,-0.5250,0.2504,0.0065,-0.1342,-0.5365,1.3165,1.6479,0.5453,0.2328,0.2872
10.3398,0.1438,-0.5162,-1.3020,1.6855,-0.5158,0.2504,0.0065,-0.1269,-0.5346,1.3169,1.6348,0.5384,0.2328,0.2876
10.3799,0.1350,-0.5154,-1.3016,1.6755,-0.5108,0.2508,0.0065,-0.1204,-0.5319,1.3169,1.6237,0.5323,0.2332,0.2876
10.4302,0.1235,-0.5104,-1.2993,1.6605,-0.5001,0.2600,0.0065,-0.1104,-0.5300,1.3150,1.6091,0.5193,0.2397,0.2876
10.4697,0.1127,-0.5051,-1.2962,1.6471,-0.4913,0.2589,0.0061,-0.1009,-0.5246,1.3146,1.5953,0.5097,0.2355,0.2876
10.5098,0.1032,-0.5012,-1.2931,1.6375,-0.4893,0.2612,0.0069,-0.0917,-0.5204,1.3123,1.5850,0.5093,0.2401,0.2888
10.5499,0.0928,-0.4947,-1.2905,1.6291,-0.4886,0.2623,0.0065,-0.0809,-0.5173,1.3093,1.5762,0.5093,0.2397,0.2884
10.5999,0.0825,-0.4893,-1.2839,1.6187,-0.4890,0.2615,0.0069,-0.0679,-0.5116,1.3058,1.5647,0.5085,0.2412,0.2880
10.6399,0.0752,-0.4847,-1.2816,1.6126,-0.4882,0.2604,0.0069,-0.0587,-0.5085,1.3035,1.5581,0.5085,0.2374,0.2876
10.6801,0.0706,-0.4821,-1.2793,1.6091,-0.4882,0.2623,0.0061,-0.0506,-0.5070,1.3008,1.5535,0.5089,0.2393,0.2876
10.7200,0.0656,-0.4801,-1.2778,1.6072,-0.4874,0.2608,0.0069,-0.0445,-0.5051,1.3000,1.5512,0.5085,0.2385,0.2880
10.7600,0.0621,-0.4790,-1.2763,1.6038,-0.4832,0.2669,0.0061,-0.0403,-0.5043,1.2981,1.5482,0.5035,0.2447,0.2880
10.8113,0.0587,-0.4794,-1.2736,1.5996,-0.4771,0.2711,0.0065,-0.0372,-0.5043,1.2951,1.5451,0.4966,0.2500,0.2884
10.8500,0.0579,-0.4786,-1.2740,1.5946,-0.4752,0.2734,0.0065,-0.0368,-0.5047,1.2962,1.5424,0.4959,0.2535,0.2880
10.8899,0.0564,-0.4790,-1.2728,1.5911,-0.4755,0.2742,0.0065,-0.0368,-0.5039,1.2954,1.5382,0.4959,0.2581,0.2884
10.9299,0.0545,-0.4790,-1.2721,1.5884,-0.4748,0.2769,0.0061,-0.0372,-0.5058,1.2943,1.5355,0.4962,0.2592,0.2880
10.9700,0.0552,-0.4821,-1.2732,1.5854,-0.4817,0.2823,0.0061,-0.0383,-0.5062,1.2935,1.5340,0.4989,0.2596,0.2892
11.0215,0.0548,-0.4832,-1.2709,1.5835,-0.4874,0.2853,0.0065,-0.0414,-0.5085,1.2935,1.5340,0.5028,0.2623,0.2876
11.0598,0.0560,-0.4851,-1.2721,1.5815,-0.4874,0.2853,0.0065,-0.0433,-0.5100,1.2939,1.5347,0.5031,0.2654,0.2880
11.1006,0.0564,-0.4897,-1.2724,1.5808,-0.4878,0.2865,0.0069,-0.0472,-0.5131,1.2939,1.5344,0.5047,0.2700,0.2884
11.1399,0.0587,-0.4928,-1.2721,1.5796,-0.4878,0.2865,0.0065,-0.0491,-0.5150,1.2947,1.5344,0.5047,0.2727,0.2876
11.1800,0.0583,-0.4962,-1.2721,1.5800,-0.4890,0.2857,0.0065,-0.0518,-0.5181,1.2947,1.5340,0.5054,0.2707,0.2876
11.2299,0.0598,-0.4982,-1.2724,1.5792,-0.4886,0.2861,0.0069,-0.0552,-0.5204,1.2947,1.5336,0.5047,0.2704,0.2876
11.2700,0.0602,-0.5001,-1.2728,1.5792,-0.4886,0.2876,0.0065,-0.0571,-0.5219,1.2943,1.5347,0.5051,0.2704,0.2884
11.3101,0.0625,-0.5035,-1.2721,1.5773,-0.4878,0.2903,0.0069,-0.0594,-0.5231,1.2951,1.5336,0.5058,0.2734,0.2880
11.3498,0.0614,-0.5035,-1.2724,1.5765,-0.4886,0.2930,0.0065,-0.0606,-0.5239,1.2947,1.5336,0.5054,0.2746,0.2876
11.3900,0.0621,-0.5035,-1.2728,1.5754,-0.4882,0.2949,0.0065,-0.0625,-0.5254,1.2951,1.5344,0.5058,0.2761,0.2880
11.4402,0.0633,-0.5058,-1.2724,1.5746,-0.4882,0.2961,0.0065,-0.0633,-0.5269,1.2954,1.5340,0.5062,0.2773,0.2880
11.4799,0.0637,-0.5066,-1.2732,1.5735,-0.4878,0.2976,0.0065,-0.0640,-0.5273,1.2958,1.5344,0.5062,0.2773,0.2884
11.5200,0.0644,-0.5074,-1.2728,1.5719,-0.4882,0.3018,0.0065,-0.0640,-0.5285,1.2966,1.5328,0.5047,0.2811,0.2872
11.5601,0.0644,-0.5093,-1.2744,1.5696,-0.4874,0.3007,0.0065,-0.0640,-0.5288,1.2970,1.5328,0.5058,0.2838,0.2876
11.6000,0.0629,-0.5104,-1.2740,1.5666,-0.4878,0.3072,0.0065,-0.0640,-0.5300,1.2985,1.5317,0.5047,0.2892,0.2884
11.6498,0.0629,-0.5116,-1.2759,1.5643,-0.4870,0.3118,0.0065,-0.0663,-0.5319,1.3008,1.5313,0.5043,0.2934,0.2880
11.6901,0.0644,-0.5135,-1.2767,1.5620,-0.4878,0.3125,0.0065,-0.0660,-0.5334,1.3035,1.5309,0.5035,0.2949,0.2880
11.7329,0.0644,-0.5177,-1.2770,1.5581,-0.4851,0.3172,0.0065,-0.0671,-0.5350,1.3050,1.5290,0.5008,0.2991,0.2876
11.7698,0.0648,-0.5193,-1.2797,1.5543,-0.4832,0.3183,0.0061,-0.0679,-0.5373,1.3073,1.5282,0.4993,0.3022,0.2880
11.8201,0.0648,-0.5208,-1.2828,1.5501,-0.4824,0.3195,0.0061,-0.0706,-0.5392,1.3127,1.5271,0.4993,0.3041,0.2884
11.8599,0.0648,-0.5219,-1.2855,1.5478,-0.4824,0.3202,0.0058,-0.0717,-0.5403,1.3158,1.5252,0.4997,0.3060,0.2872
11.9000,0.0652,-0.5250,-1.2882,1.5443,-0.4821,0.3233,0.0069,-0.0725,-0.5426,1.3192,1.5240,0.4989,0.3099,0.2872
11.9399,0.0660,-0.5262,-1.2912,1.5432,-0.4824,0.3244,0.0061,-0.0752,-0.5449,1.3219,1.5236,0.4997,0.3114,0.2876
11.9799,0.0660,-0.5273,-1.2943,1.5413,-0.4824,0.3256,0.0061,-0.0778,-0.5469,1.3269,1.5229,0.4985,0.3102,0.2880
12.0299,0.0671,-0.5300,-1.2997,1.5409,-0.4844,0.3267,0.0058,-0.0821,-0.5492,1.3307,1.5236,0.4985,0.3145,0.2880
12.0700,0.0671,-0.5319,-1.3027,1.5393,-0.4847,0.3279,0.0058,-0.0859,-0.5518,1.3346,1.5248,0.4989,0.3187,0.2880
12.1100,0.0671,-0.5346,-1.3050,1.5397,-0.4855,0.3294,0.0061,-0.0890,-0.5545,1.3380,1.5236,0.4982,0.3202,0.2876
12.1499,0.0694,-0.5369,-1.3073,1.5405,-0.4893,0.3317,0.0065,-0.0940,-0.5561,1.3422,1.5252,0.5005,0.3214,0.2884
12.1898,0.0709,-0.5396,-1.3104,1.5405,-0.4913,0.3352,0.0069,-0.0982,-0.5599,1.3461,1.5259,0.5016,0.3252,0.2880
12.2399,0.0748,-0.5430,-1.3150,1.5386,-0.4909,0.3356,0.0065,-0.1055,-0.5637,1.3530,1.5267,0.5020,0.3260,0.2888
12.2800,0.0771,-0.5461,-1.3177,1.5393,-0.4913,0.3371,0.0065,-0.1108,-0.5668,1.3568,1.5275,0.5028,0.3306,0.2876
12.3197,0.0794,-0.5492,-1.3200,1.5393,-0.4920,0.3371,0.0065,-0.1162,-0.5703,1.3606,1.5282,0.5031,0.3325,0.2872
12.3600,0.0813,-0.5511,-1.3227,1.5397,-0.4924,0.3379,0.0065,-0.1208,-0.5726,1.3637,1.5286,0.5039,0.3313,0.2884
12.3999,0.0840,-0.5538,-1.3238,1.5405,-0.4947,0.3386,0.0058,-0.1254,-0.5741,1.3683,1.5290,0.5062,0.3287,0.2880
12.4502,0.0871,-0.5565,-1.3254,1.5409,-0.5020,0.3398,0.0065,-0.1308,-0.5768,1.3702,1.5305,0.5116,0.3290,0.2880
12.4900,0.0901,-0.5568,-1.3273,1.5409,-0.5039,0.3390,0.0061,-0.1350,-0.5795,1.3729,1.5340,0.5135,0.3294,0.2880
12.5299,0.0917,-0.5591,-1.3300,1.5409,-0.5070,0.3390,0.0069,-0.1392,-0.5806,1.3752,1.5374,0.5139,0.3310,0.2876
12.5699,0.0963,-0.5618,-1.3323,1.5436,-0.5173,0.3405,0.0065,-0.1450,-0.5833,1.3771,1.5428,0.5231,0.3333,0.2876
12.6099,0.1012,-0.5649,-1.3365,1.5455,-0.5204,0.3432,0.0065,-0.1484,-0.5852,1.3813,1.5486,0.5269,0.3359,0.2872
12.6600,0.1055,-0.5683,-1.3411,1.5489,-0.5216,0.3448,0.0061,-0.1538,-0.5867,1.3852,1.5547,0.5273,0.3398,0.2888
12.7000,0.1112,-0.5722,-1.3449,1.5532,-0.5304,0.3459,0.0065,-0.1603,-0.5902,1.3909,1.5620,0.5346,0.3390,0.2880
12.7401,0.1173,-0.5745,-1.3495,1.5566,-0.5350,0.3490,0.0065,-0.1657,-0.5937,1.3959,1.5700,0.5392,0.3417,0.2884
12.7798,0.1220,-0.5779,-1.3545,1.5589,-0.5346,0.3490,0.0061,-0.1707,-0.5967,1.4001,1.5746,0.5411,0.3444,0.2880
12.8197,0.1285,-0.5818,-1.3583,1.5643,-0.5365,0.3494,0.0073,-0.1795,-0.6002,1.4051,1.5842,0.5423,0.3425,0.2884
12.8698,0.1350,-0.5848,-1.3626,1.5693,-0.5357,0.3532,0.0061,-0.1871,-0.6048,1.4097,1.5907,0.5419,0.3497,0.2880
12.9099,0.1388,-0.5875,-1.3656,1.5708,-0.5365,0.3551,0.0069,-0.1933,-0.6059,1.4136,1.5961,0.5430,0.3440,0.2880
12.9499,0.1423,-0.5898,-1.3679,1.5727,-0.5369,0.3543,0.0069,-0.1975,-0.6090,1.4159,1.5992,0.5442,0.3444,0.2888
12.9900,0.1457,-0.5906,-1.3698,1.5742,-0.5407,0.3540,0.0069,-0.2010,-0.6098,1.4185,1.5999,0.5457,0.3448,0.2880
13.0305,0.1488,-0.5913,-1.3718,1.5765,-0.5499,0.3524,0.0061,-0.2059,-0.6113,1.4197,1.6026,0.5534,0.3417,0.2884
13.0799,0.1503,-0.5925,-1.3737,1.5808,-0.5553,0.3524,0.0065,-0.2102,-0.6109,1.4232,1.6088,0.5591,0.3436,0.2884
13.1200,0.1553,-0.5944,-1.3790,1.5881,-0.5664,0.3509,0.0065,-0.2163,-0.6132,1.4255,1.6160,0.5703,0.3451,0.2880
13.1600,0.1622,-0.5956,-1.3833,1.5957,-0.5752,0.3551,0.0061,-0.2259,-0.6151,1.4304,1.6256,0.5775,0.3486,0.2880
13.1999,0.1687,-0.5979,-1.3879,1.6026,-0.5795,0.3559,0.0069,-0.2328,-0.6170,1.4347,1.6329,0.5798,0.3497,0.2880
13.2498,0.1795,-0.6017,-1.3952,1.6157,-0.5913,0.3543,0.0069,-0.2458,-0.6205,1.4400,1.6467,0.5925,0.3490,0.2880
13.2899,0.1894,-0.6052,-1.4005,1.6256,-0.5948,0.3582,0.0065,-0.2566,-0.6247,1.4458,1.6578,0.5963,0.3524,0.2888
13.3299,0.1971,-0.6063,-1.4059,1.6333,-0.5960,0.3582,0.0061,-0.2650,-0.6251,1.4504,1.6648,0.5975,0.3532,0.2876
13.3698,0.2075,-0.6098,-1.4120,1.6406,-0.5960,0.3593,0.0065,-0.2769,-0.6274,1.4569,1.6740,0.5983,0.3520,0.2880
13.4100,0.2174,-0.6121,-1.4189,1.6490,-0.5963,0.3597,0.0061,-0.2869,-0.6285,1.4596,1.6832,0.5994,0.3536,0.2876
13.4600,0.2278,-0.6147,-1.4212,1.6548,-0.6029,0.3597,0.0065,-0.2957,-0.6297,1.4627,1.6901,0.6040,0.3540,0.2876
13.4999,0.2355,-0.6163,-1.4247,1.6621,-0.6124,0.3609,0.0065,-0.3033,-0.6297,1.4665,1.6977,0.6132,0.3547,0.2880
13.5400,0.2439,-0.6159,-1.4293,1.6682,-0.6144,0.3639,0.0065,-0.3110,-0.6312,1.4696,1.7050,0.6147,0.3559,0.2880
13.5800,0.2500,-0.6167,-1.4320,1.6732,-0.6170,0.3609,0.0061,-0.3152,-0.6312,1.4734,1.7100,0.6163,0.3543,0.2876
13.6198,0.2577,-0.6186,-1.4362,1.6843,-0.6243,0.3605,0.0069,-0.3244,-0.6324,1.4772,1.7207,0.6236,0.3528,0.2876
13.6719,0.2688,-0.6186,-1.4435,1.6966,-0.6285,0.3647,0.0065,-0.3340,-0.6320,1.4834,1.7334,0.6266,0.3578,0.2884
13.7113,0.2757,-0.6186,-1.4485,1.7031,-0.6305,0.3666,0.0065,-0.3409,-0.6332,1.4853,1.7407,0.6282,0.3605,0.2884
13.7498,0.2846,-0.6205,-1.4546,1.7119,-0.6285,0.3662,0.0065,-0.3509,-0.6339,1.4929,1.7530,0.6282,0.3586,0.2884
13.7897,0.2930,-0.6209,-1.4584,1.7192,-0.6308,0.3689,0.0065,-0.3586,-0.6355,1.4960,1.7602,0.6293,0.3609,0.2876
13.8299,0.2980,-0.6216,-1.4600,1.7238,-0.6316,0.3685,0.0069,-0.3639,-0.6351,1.4979,1.7641,0.6297,0.3620,0.2876
13.8802,0.3072,-0.6232,-1.4638,1.7307,-0.6378,0.3678,0.0065,-0.3712,-0.6355,1.5018,1.7691,0.6355,0.3593,0.2880
13.9199,0.3156,-0.6228,-1.4696,1.7392,-0.6458,0.3708,0.0065,-0.3777,-0.6355,1.5056,1.7779,0.6427,0.3609,0.2884
13.9599,0.3248,-0.6247,-1.4757,1.7487,-0.6523,0.3716,0.0065,-0.3862,-0.6358,1.5114,1.7875,0.6485,0.3636,0.2880
14.0000,0.3352,-0.6259,-1.4822,1.7602,-0.6558,0.3766,0.0069,-0.3981,-0.6374,1.5152,1.7990,0.6500,0.3701,0.2876
14.0399,0.3471,-0.6278,-1.4891,1.7698,-0.6558,0.3827,0.0061,-0.4092,-0.6381,1.5221,1.8109,0.6500,0.3762,0.2876
14.0898,0.3628,-0.6328,-1.4956,1.7821,-0.6569,0.3858,0.0065,-0.4257,-0.6408,1.5301,1.8212,0.6512,0.3800,0.2884
14.1299,0.3735,-0.6355,-1.5006,1.7898,-0.6565,0.3896,0.0065,-0.4349,-0.6412,1.5359,1.8254,0.6523,0.3812,0.2876
14.1701,0.3808,-0.6366,-1.5041,1.7951,-0.6558,0.3877,0.0061,-0.4422,-0.6404,1.5393,1.8320,0.6539,0.3770,0.2876
14.2100,0.3877,-0.6370,-1.5071,1.7990,-0.6569,0.3877,0.0065,-0.4491,-0.6408,1.5417,1.8366,0.6535,0.3777,0.2876
14.2499,0.3904,-0.6374,-1.5098,1.8020,-0.6596,0.3873,0.0058,-0.4556,-0.6412,1.5440,1.8412,0.6550,0.3781,0.2876
14.3000,0.3969,-0.6370,-1.5152,1.8086,-0.6631,0.3896,0.0065,-0.4644,-0.6412,1.5482,1.8504,0.6577,0.3835,0.2876
14.3399,0.4019,-0.6378,-1.5175,1.8158,-0.6661,0.3885,0.0061,-0.4702,-0.6412,1.5516,1.8580,0.6588,0.3850,0.2884
14.3798,0.4107,-0.6381,-1.5255,1.8247,-0.6677,0.3908,0.0069,-0.4794,-0.6416,1.5562,1.8672,0.6611,0.3866,0.2876
14.4198,0.4218,-0.6389,-1.5321,1.8362,-0.6684,0.3969,0.0061,-0.4897,-0.6420,1.5620,1.8791,0.6623,0.3900,0.2884
14.4699,0.4341,-0.6397,-1.5397,1.8458,-0.6688,0.4004,0.0061,-0.5020,-0.6431,1.5673,1.8902,0.6627,0.3931,0.2880
14.5107,0.4475,-0.6416,-1.5466,1.8573,-0.6688,0.4031,0.0065,-0.5150,-0.6435,1.5723,1.9018,0.6638,0.3954,0.2876
14.5498,0.4606,-0.6401,-1.5535,1.8684,-0.6707,0.4061,0.0065,-0.5258,-0.6427,1.5750,1.9133,0.6642,0.3992,0.2869
14.5897,0.4713,-0.6412,-1.5539,1.8780,-0.6696,0.4084,0.0065,-0.5350,-0.6431,1.5773,1.9209,0.6627,0.4027,0.2880
14.6299,0.4828,-0.6420,-1.5578,1.8879,-0.6684,0.4130,0.0061,-0.5476,-0.6424,1.5808,1.9340,0.6623,0.4050,0.2880
14.6798,0.4974,-0.6424,-1.5647,1.9002,-0.6665,0.4123,0.0058,-0.5607,-0.6431,1.5827,1.9478,0.6611,0.4080,0.2884
14.7198,0.5097,-0.6416,-1.5639,1.9106,-0.6661,0.4138,0.0061,-0.5703,-0.6435,1.5823,1.9566,0.6608,0.4096,0.2876
14.7597,0.5200,-0.6420,-1.5666,1.9217,-0.6654,0.4146,0.0058,-0.5791,-0.6424,1.5835,1.9658,0.6615,0.4084,0.2880
14.7998,0.5304,-0.6420,-1.5700,1.9320,-0.6669,0.4146,0.0069,-0.5890,-0.6420,1.5861,1.9762,0.6611,0.4077,0.2884
14.8398,0.5388,-0.6420,-1.5700,1.9397,-0.6657,0.4230,0.0065,-0.5971,-0.6385,1.5865,1.9834,0.6615,0.4172,0.2884
14.8898,0.5453,-0.6412,-1.5735,1.9459,-0.6661,0.4261,0.0058,-0.6044,-0.6362,1.5877,1.9880,0.6615,0.4169,0.2884
14.9300,0.5515,-0.6420,-1.5762,1.9505,-0.6654,0.4245,0.0065,-0.6098,-0.6351,1.5884,1.9911,0.6619,0.4149,0.2880
14.9700,0.5542,-0.6424,-1.5781,1.9520,-0.6654,0.4238,0.0058,-0.6109,-0.6343,1.5884,1.9926,0.6611,0.4161,0.2876
15.0101,0.5572,-0.6427,-1.5800,1.9558,-0.6654,0.4211,0.0069,-0.6124,-0.6328,1.5884,1.9965,0.6588,0.4115,0.2876
15.0498,0.5622,-0.6431,-1.5827,1.9627,-0.6646,0.4234,0.0065,-0.6159,-0.6308,1.5907,2.0018,0.6558,0.4161,0.2884
15.1000,0.5672,-0.6431,-1.5861,1.9704,-0.6634,0.4230,0.0061,-0.6186,-0.6305,1.5911,2.0095,0.6539,0.4172,0.2884
15.1401,0.5726,-0.6424,-1.5911,1.9773,-0.6604,0.4211,0.0061,-0.6224,-0.6282,1.5938,2.0164,0.6470,0.4142,0.2876
15.1801,0.5791,-0.6401,-1.5942,1.9842,-0.6546,0.4249,0.0061,-0.6285,-0.6259,1.5969,2.0229,0.6424,0.4165,0.2880
15.2200,0.5844,-0.6374,-1.5961,1.9923,-0.6531,0.4245,0.0061,-0.6328,-0.6228,1.5992,2.0298,0.6408,0.4172,0.2888
15.2600,0.5910,-0.6351,-1.5984,1.9992,-0.6496,0.4234,0.0061,-0.6370,-0.6193,1.5976,2.0352,0.6412,0.4165,0.2884
15.3100,0.6009,-0.6316,-1.6015,2.0107,-0.6389,0.4215,0.0065,-0.6435,-0.6151,1.6007,2.0459,0.6305,0.4153,0.2880
15.3500,0.6094,-0.6270,-1.6057,2.0206,-0.6270,0.4226,0.0065,-0.6493,-0.6105,1.6022,2.0555,0.6144,0.4146,0.2880
15.3898,0.6209,-0.6216,-1.6103,2.0360,-0.6124,0.4230,0.0065,-0.6573,-0.6029,1.6030,2.0674,0.5956,0.4142,0.2880
15.4300,0.6335,-0.6163,-1.6126,2.0513,-0.6055,0.4253,0.0069,-0.6657,-0.5975,1.6026,2.0816,0.5890,0.4165,0.2876
15.4699,0.6458,-0.6121,-1.6134,2.0647,-0.6002,0.4257,0.0069,-0.6742,-0.5929,1.6026,2.0935,0.5860,0.4180,0.2876
15.5200,0.6608,-0.6048,-1.6187,2.0808,-0.5867,0.4241,0.0061,-0.6868,-0.5871,1.6045,2.1077,0.5703,0.4180,0.2884
15.5599,0.6723,-0.5994,-1.6207,2.0923,-0.5764,0.4238,0.0061,-0.6949,-0.5821,1.6038,2.1169,0.5607,0.4169,0.2876
15.6000,0.6853,-0.5937,-1.6230,2.1062,-0.5618,0.4245,0.0061,-0.7037,-0.5756,1.6049,2.1295,0.5446,0.4165,0.2880
15.6400,0.6980,-0.5883,-1.6245,2.1200,-0.5545,0.4268,0.0069,-0.7125,-0.5714,1.6038,2.1426,0.5357,0.4188,0.2880
15.6800,0.7106,-0.5852,-1.6260,2.1342,-0.5396,0.4238,0.0065,-0.7221,-0.5657,1.6034,2.1526,0.5216,0.4176,0.2876
15.7300,0.7267,-0.5810,-1.6299,2.1514,-0.5223,0.4276,0.0061,-0.7344,-0.5576,1.6045,2.1675,0.5016,0.4207,0.2880
15.7700,0.7378,-0.5768,-1.6310,2.1625,-0.5104,0.4280,0.0069,-0.7428,-0.5515,1.6045,2.1794,0.4897,0.4211,0.2876
15.8102,0.7490,-0.5718,-1.6348,2.1760,-0.4943,0.4280,0.0065,-0.7513,-0.5449,1.6049,2.1913,0.4709,0.4207,0.2880
15.8500,0.7601,-0.5660,-1.6356,2.1875,-0.4844,0.4307,0.0061,-0.7609,-0.5384,1.6022,2.2032,0.4617,0.4230,0.2880
15.9000,0.7727,-0.5603,-1.6364,2.2001,-0.4725,0.4303,0.0065,-0.7689,-0.5315,1.5996,2.2135,0.4495,0.4226,0.2880
15.9400,0.7816,-0.5534,-1.6391,2.2108,-0.4487,0.4303,0.0065,-0.7781,-0.5246,1.6022,2.2243,0.4268,0.4218,0.2876
15.9808,0.7931,-0.5449,-1.6417,2.2235,-0.4169,0.4299,0.0069,-0.7865,-0.5147,1.6003,2.2339,0.3931,0.4249,0.2876
16.0203,0.8030,-0.5354,-1.6425,2.2377,-0.3793,0.4333,0.0065,-0.7942,-0.5058,1.5980,2.2457,0.3551,0.4276,0.2876
16.0598,0.8145,-0.5258,-1.6425,2.2530,-0.3517,0.4364,0.0061,-0.8042,-0.4928,1.5938,2.2607,0.3248,0.4307,0.2876
16.1100,0.8276,-0.5143,-1.6406,2.2680,-0.3448,0.4399,0.0065,-0.8161,-0.4824,1.5865,2.2760,0.3195,0.4357,0.2880
16.1508,0.8383,-0.5058,-1.6398,2.2768,-0.3352,0.4391,0.0065,-0.8249,-0.4740,1.5842,2.2852,0.3118,0.4349,0.2872
16.1900,0.8483,-0.4962,-1.6429,2.2852,-0.3175,0.4380,0.0069,-0.8333,-0.4648,1.5838,2.2933,0.2911,0.4349,0.2880
16.2300,0.8563,-0.4878,-1.6402,2.2952,-0.2926,0.4380,0.0065,-0.8395,-0.4560,1.5788,2.3014,0.2650,0.4341,0.2869
16.2698,0.8640,-0.4771,-1.6394,2.3044,-0.2596,0.4387,0.0061,-0.8445,-0.4464,1.5731,2.3109,0.2339,0.4357,0.2880
16.3199,0.8713,-0.4652,-1.6345,2.3163,-0.2286,0.4391,0.0065,-0.8514,-0.4345,1.5650,2.3213,0.2021,0.4349,0.2872
16.3600,0.8767,-0.4560,-1.6295,2.3247,-0.2159,0.4395,0.0065,-0.8556,-0.4245,1.5578,2.3293,0.1902,0.4345,0.2880
16.3998,0.8828,-0.4460,-1.6256,2.3317,-0.1948,0.4383,0.0065,-0.8598,-0.4169,1.5524,2.3351,0.1710,0.4364,0.2876
16.4400,0.8863,-0.4364,-1.6214,2.3386,-0.1726,0.4387,0.0065,-0.8625,-0.4065,1.5489,2.3420,0.1450,0.4368,0.2880
16.4800,0.8901,-0.4287,-1.6164,2.3443,-0.1565,0.4391,0.0065,-0.8648,-0.3996,1.5420,2.3481,0.1304,0.4368,0.2876
16.5300,0.8951,-0.4157,-1.6088,2.3520,-0.1315,0.4391,0.0065,-0.8686,-0.3904,1.5351,2.3547,0.1051,0.4395,0.2880
16.5698,0.8978,-0.4065,-1.6007,2.3570,-0.1012,0.4395,0.0065,-0.8705,-0.3812,1.5294,2.3608,0.0744,0.4406,0.2880
16.6100,0.9001,-0.3938,-1.5942,2.3631,-0.0732,0.4429,0.0065,-0.8728,-0.3720,1.5229,2.3665,0.0422,0.4406,0.2876
16.6500,0.9024,-0.3850,-1.5842,2.3688,-0.0495,0.4437,0.0069,-0.8751,-0.3636,1.5133,2.3715,0.0234,0.4414,0.2884
16.6900,0.9047,-0.3724,-1.5746,2.3731,-0.0265,0.4452,0.0065,-0.8774,-0.3555,1.5068,2.3765,0.0012,0.4437,0.2876
16.7401,0.9077,-0.3593,-1.5647,2.3800,0.0054,0.4464,0.0058,-0.8801,-0.3451,1.4979,2.3819,-0.0307,0.4441,0.2880
16.7800,0.9097,-0.3490,-1.5532,2.3838,0.0188,0.4468,0.0061,-0.8809,-0.3371,1.4891,2.3861,-0.0453,0.4445,0.2880
16.8201,0.9112,-0.3394,-1.5440,2.3873,0.0364,0.4464,0.0061,-0.8828,-0.3310,1.4807,2.3911,-0.0637,0.4441,0.2869
16.8600,0.9116,-0.3325,-1.5340,2.3907,0.0449,0.4449,0.0065,-0.8817,-0.3267,1.4711,2.3942,-0.0736,0.4433,0.2872
16.8998,0.9116,-0.3275,-1.5225,2.3930,0.0510,0.4445,0.0069,-0.8820,-0.3241,1.4634,2.3953,-0.0763,0.4426,0.2876
16.9500,0.9108,-0.3218,-1.5117,2.3949,0.0506,0.4433,0.0061,-0.8813,-0.3214,1.4557,2.3976,-0.0763,0.4422,0.2876
16.9899,0.9100,-0.3160,-1.5037,2.3972,0.0587,0.4391,0.0069,-0.8813,-0.3195,1.4477,2.3984,-0.0794,0.4403,0.2880
17.0300,0.9081,-0.3145,-1.4949,2.3980,0.0667,0.4368,0.0065,-0.8805,-0.3195,1.4435,2.3984,-0.0897,0.4368,0.2880
17.0700,0.9054,-0.3129,-1.4868,2.3988,0.0798,0.4333,0.0065,-0.8790,-0.3195,1.4373,2.4003,-0.1055,0.4345,0.2884
17.1199,0.9016,-0.3129,-1.4757,2.3984,0.0917,0.4326,0.0061,-0.8759,-0.3183,1.4289,2.3995,-0.1150,0.4303,0.2876
17.1600,0.8981,-0.3129,-1.4684,2.3995,0.0943,0.4268,0.0069,-0.8736,-0.3183,1.4224,2.4011,-0.1166,0.4272,0.2880
17.2003,0.8943,-0.3133,-1.4623,2.4011,0.0951,0.4238,0.0065,-0.8694,-0.3172,1.4166,2.4037,-0.1173,0.4245,0.2876
17.2400,0.8909,-0.3129,-1.4561,2.4041,0.0955,0.4215,0.0061,-0.8682,-0.3187,1.4120,2.4053,-0.1177,0.4230,0.2880
17.2800,0.8889,-0.3122,-1.4508,2.4049,0.0982,0.4176,0.0065,-0.8659,-0.3187,1.4078,2.4072,-0.1204,0.4192,0.2872
17.3300,0.8847,-0.3133,-1.4431,2.4076,0.1032,0.4119,0.0061,-0.8621,-0.3198,1.4032,2.4060,-0.1285,0.4157,0.2876
17.3699,0.8813,-0.3129,-1.4381,2.4099,0.1154,0.4069,0.0061,-0.8583,-0.3198,1.3978,2.4068,-0.1377,0.4134,0.2872
17.4099,0.8794,-0.3118,-1.4320,2.4095,0.1243,0.4054,0.0061,-0.8552,-0.3202,1.3925,2.4080,-0.1446,0.4103,0.2876
17.4499,0.8767,-0.3125,-1.4262,2.4110,0.1315,0.4050,0.0058,-0.8533,-0.3214,1.3879,2.4083,-0.1526,0.4088,0.2880
17.4901,0.8744,-0.3118,-1.4235,2.4130,0.1384,0.4008,0.0069,-0.8510,-0.3206,1.3852,2.4099,-0.1572,0.4077,0.2876
17.5400,0.8717,-0.3118,-1.4159,2.4137,0.1461,0.3988,0.0065,-0.8475,-0.3206,1.3790,2.4095,-0.1630,0.4065,0.2876
17.5799,0.8702,-0.3122,-1.4120,2.4168,0.1557,0.3946,0.0065,-0.8456,-0.3214,1.3767,2.4114,-0.1772,0.4046,0.2876
17.6199,0.8678,-0.3125,-1.4059,2.4179,0.1615,0.3931,0.0061,-0.8418,-0.3206,1.3721,2.4118,-0.1860,0.4011,0.2872
17.6598,0.8663,-0.3118,-1.3998,2.4210,0.1664,0.3881,0.0069,-0.8399,-0.3206,1.3679,2.4130,-0.1952,0.3958,0.2872
17.6998,0.8629,-0.3114,-1.3940,2.4214,0.1691,0.3858,0.0061,-0.8379,-0.3206,1.3637,2.4137,-0.1952,0.3954,0.2880
17.7499,0.8606,-0.3110,-1.3867,2.4229,0.1726,0.3839,0.0065,-0.8345,-0.3206,1.3595,2.4141,-0.1960,0.3938,0.2869
17.7899,0.8590,-0.3114,-1.3825,2.4241,0.1810,0.3823,0.0058,-0.8326,-0.3198,1.3568,2.4153,-0.2036,0.3935,0.2876
17.8300,0.8579,-0.3110,-1.3783,2.4252,0.1956,0.3800,0.0065,-0.8295,-0.3195,1.3537,2.4156,-0.2155,0.3935,0.2880
17.8705,0.8563,-0.3114,-1.3752,2.4271,0.2117,0.3777,0.0065,-0.8283,-0.3191,1.3499,2.4168,-0.2328,0.3919,0.2880
17.9098,0.8556,-0.3106,-1.3702,2.4275,0.2201,0.3781,0.0054,-0.8272,-0.3175,1.3457,2.4179,-0.2424,0.3927,0.2880
17.9597,0.8544,-0.3106,-1.3645,2.4310,0.2201,0.3770,0.0061,-0.8257,-0.3164,1.3418,2.4202,-0.2416,0.3915,0.2876
18.0000,0.8537,-0.3102,-1.3606,2.4317,0.2205,0.3770,0.0061,-0.8253,-0.3168,1.3392,2.4210,-0.2420,0.3935,0.2872
18.0399,0.8521,-0.3106,-1.3583,2.4329,0.2312,0.3754,0.0061,-0.8249,-0.3164,1.3365,2.4214,-0.2527,0.3919,0.2876
18.0799,0.8521,-0.3087,-1.3553,2.4337,0.2408,0.3758,0.0058,-0.8245,-0.3152,1.3334,2.4214,-0.2612,0.3919,0.2880
18.1200,0.8517,-0.3087,-1.3526,2.4344,0.2454,0.3762,0.0065,-0.8241,-0.3141,1.3311,2.4225,-0.2684,0.3923,0.2876
18.1699,0.8521,-0.3083,-1.3476,2.4363,0.2550,0.3747,0.0061,-0.8234,-0.3122,1.3269,2.4237,-0.2750,0.3923,0.2872
18.2100,0.8510,-0.3076,-1.3449,2.4371,0.2677,0.3747,0.0061,-0.8230,-0.3099,1.3242,2.4241,-0.2872,0.3919,0.2876
18.2497,0.8517,-0.3056,-1.3411,2.4394,0.2769,0.3735,0.0065,-0.8234,-0.3053,1.3208,2.4252,-0.2980,0.3923,0.2872
18.2900,0.8514,-0.3045,-1.3365,2.4413,0.2788,0.3728,0.0069,-0.8230,-0.3049,1.3162,2.4260,-0.2987,0.3923,0.2872
18.3299,0.8510,-0.3018,-1.3334,2.4421,0.2884,0.3731,0.0058,-0.8234,-0.3014,1.3127,2.4275,-0.3087,0.3935,0.2884
18.3797,0.8510,-0.2999,-1.3280,2.4432,0.3018,0.3724,0.0058,-0.8230,-0.2991,1.3089,2.4271,-0.3195,0.3927,0.2880
18.4199,0.8502,-0.2995,-1.3238,2.4448,0.3053,0.3724,0.0065,-0.8226,-0.2968,1.3058,2.4283,-0.3260,0.3935,0.2876
18.4600,0.8498,-0.2972,-1.3192,2.4467,0.3079,0.3731,0.0061,-0.8226,-0.2941,1.3008,2.4279,-0.3252,0.3942,0.2880
18.5002,0.8498,-0.2949,-1.3162,2.4482,0.3183,0.3720,0.0061,-0.8214,-0.2911,1.2974,2.4287,-0.3371,0.3946,0.2872
18.5498,0.8506,-0.2934,-1.3116,2.4490,0.3283,0.3728,0.0061,-0.8226,-0.2876,1.2924,2.4291,-0.3467,0.3950,0.2884
18.5899,0.8494,-0.2922,-1.3077,2.4486,0.3333,0.3731,0.0065,-0.8222,-0.2865,1.2901,2.4294,-0.3501,0.3950,0.2876
18.6300,0.8487,-0.2911,-1.3043,2.4502,0.3486,0.3731,0.0065,-0.8222,-0.2853,1.2866,2.4298,-0.3647,0.3958,0.2880
18.6700,0.8494,-0.2876,-1.3012,2.4513,0.3701,0.3735,0.0058,-0.8218,-0.2807,1.2824,2.4310,-0.3885,0.3992,0.2872
18.7100,0.8494,-0.2853,-1.2951,2.4525,0.3862,0.3743,0.0061,-0.8211,-0.2769,1.2767,2.4314,-0.4046,0.4008,0.2880
18.7601,0.8491,-0.2819,-1.2889,2.4536,0.4000,0.3789,0.0061,-0.8211,-0.2730,1.2686,2.4321,-0.4195,0.4050,0.2876
18.7998,0.8483,-0.2796,-1.2843,2.4551,0.4184,0.3850,0.0058,-0.8207,-0.2704,1.2636,2.4317,-0.4287,0.4107,0.2876
18.8400,0.8479,-0.2773,-1.2778,2.4567,0.4280,0.3892,0.0065,-0.8207,-0.2661,1.2563,2.4321,-0.4376,0.4134,0.2876
18.8800,0.8483,-0.2753,-1.2694,2.4586,0.4280,0.3946,0.0065,-0.8207,-0.2646,1.2487,2.4329,-0.4380,0.4184,0.2880
18.9201,0.8491,-0.2730,-1.2625,2.4597,0.4299,0.4008,0.0061,-0.8211,-0.2631,1.2418,2.4321,-0.4410,0.4238,0.2880
18.9698,0.8483,-0.2696,-1.2571,2.4628,0.4510,0.4103,0.0061,-0.8195,-0.2589,1.2356,2.4333,-0.4636,0.4333,0.2876
19.0101,0.8491,-0.2700,-1.2483,2.4659,0.4671,0.4176,0.0054,-0.8199,-0.2589,1.2276,2.4348,-0.4805,0.4403,0.2872
19.0500,0.8483,-0.2684,-1.2425,2.4678,0.4744,0.4261,0.0061,-0.8191,-0.2577,1.2195,2.4367,-0.4893,0.4487,0.2884
19.0900,0.8483,-0.2681,-1.2356,2.4701,0.4863,0.4360,0.0058,-0.8195,-0.2566,1.2118,2.4402,-0.4997,0.4606,0.2872
19.1298,0.8487,-0.2665,-1.2287,2.4747,0.5024,0.4495,0.0065,-0.8184,-0.2543,1.2034,2.4406,-0.5150,0.4771,0.2880
19.1798,0.8479,-0.2623,-1.2195,2.4793,0.5150,0.4579,0.0065,-0.8184,-0.2520,1.1931,2.4429,-0.5262,0.4801,0.2876
19.2200,0.8479,-0.2615,-1.2111,2.4831,0.5162,0.4590,0.0065,-0.8184,-0.2500,1.1862,2.4432,-0.5262,0.4763,0.2876
19.2600,0.8475,-0.2581,-1.2061,2.4831,0.5185,0.4602,0.0058,-0.8176,-0.2477,1.1815,2.4436,-0.5296,0.4686,0.2869
19.3000,0.8479,-0.2550,-1.2030,2.4820,0.5331,0.4617,0.0058,-0.8168,-0.2443,1.1789,2.4436,-0.5457,0.4671,0.2876
19.3400,0.8475,-0.2508,-1.1992,2.4804,0.5572,0.4640,0.0073,-0.8161,-0.2408,1.1750,2.4402,-0.5657,0.4732,0.2876
19.3899,0.8460,-0.2443,-1.1911,2.4774,0.5933,0.4744,0.0061,-0.8134,-0.2358,1.1670,2.4379,-0.6017,0.4813,0.2876
19.4300,0.8456,-0.2389,-1.1838,2.4751,0.6213,0.4855,0.0061,-0.8111,-0.2305,1.1601,2.4337,-0.6332,0.4890,0.2876
19.4700,0.8441,-0.2312,-1.1754,2.4709,0.6420,0.4928,0.0069,-0.8084,-0.2247,1.1501,2.4275,-0.6473,0.4943,0.2880
19.5099,0.8437,-0.2251,-1.1666,2.4686,0.6592,0.4993,0.0058,-0.8061,-0.2174,1.1436,2.4229,-0.6680,0.4966,0.2880
19.5501,0.8425,-0.2190,-1.1582,2.4636,0.6654,0.5012,0.0065,-0.8030,-0.2121,1.1363,2.4172,-0.6730,0.4959,0.2880
19.6001,0.8402,-0.2125,-1.1509,2.4590,0.6680,0.5035,0.0061,-0.8004,-0.2067,1.1282,2.4095,-0.6738,0.4974,0.2880
19.6398,0.8391,-0.2063,-1.1463,2.4559,0.6842,0.5070,0.0061,-0.7969,-0.2006,1.1233,2.4057,-0.6876,0.4978,0.2876
19.6800,0.8364,-0.2010,-1.1401,2.4513,0.6995,0.5100,0.0061,-0.7950,-0.1956,1.1179,2.3999,-0.7045,0.5012,0.2876
19.7204,0.8345,-0.1967,-1.1328,2.4463,0.7160,0.5147,0.0058,-0.7915,-0.1891,1.1098,2.3934,-0.7183,0.5024,0.2884
19.7700,0.8310,-0.1898,-1.1267,2.4383,0.7325,0.5216,0.0061,-0.7873,-0.1841,1.1041,2.3846,-0.7386,0.5074,0.2876
19.8100,0.8287,-0.1860,-1.1194,2.4329,0.7432,0.5235,0.0065,-0.7827,-0.1795,1.0972,2.3784,-0.7463,0.5097,0.2872
19.8499,0.8257,-0.1802,-1.1133,2.4283,0.7582,0.5308,0.0061,-0.7785,-0.1730,1.0914,2.3723,-0.7624,0.5112,0.2880
19.8901,0.8218,-0.1753,-1.1048,2.4222,0.7727,0.5361,0.0061,-0.7727,-0.1687,1.0841,2.3642,-0.7747,0.5100,0.2888
19.9299,0.8172,-0.1703,-1.0968,2.4156,0.7881,0.5419,0.0061,-0.7674,-0.1634,1.0765,2.3562,-0.7896,0.5112,0.2880
19.9800,0.8096,-0.1630,-1.0849,2.4049,0.8176,0.5442,0.0061,-0.7582,-0.1549,1.0657,2.3435,-0.8211,0.5100,0.2880
20.0200,0.8007,-0.1545,-1.0746,2.3938,0.8483,0.5449,0.0065,-0.7490,-0.1438,1.0538,2.3309,-0.8517,0.5097,0.2872
20.0600,0.7915,-0.1453,-1.0630,2.3804,0.8717,0.5442,0.0065,-0.7390,-0.1350,1.0408,2.3148,-0.8755,0.5108,0.2872
20.0999,0.7800,-0.1377,-1.0512,2.3673,0.8843,0.5461,0.0061,-0.7271,-0.1254,1.0274,2.2998,-0.8847,0.5097,0.2880
20.1400,0.7708,-0.1289,-1.0443,2.3558,0.8939,0.5461,0.0065,-0.7137,-0.1166,1.0174,2.2860,-0.8920,0.5112,0.2884
20.1899,0.7574,-0.1220,-1.0347,2.3435,0.8951,0.5449,0.0065,-0.6957,-0.1070,1.0082,2.2707,-0.8966,0.5093,0.2876
20.2324,0.7478,-0.1150,-1.0270,2.3324,0.8974,0.5457,0.0061,-0.6803,-0.1009,0.9994,2.2599,-0.8985,0.5081,0.2880
20.2699,0.7417,-0.1104,-1.0224,2.3270,0.9062,0.5495,0.0061,-0.6715,-0.0955,0.9952,2.2527,-0.9066,0.5089,0.2880
20.3100,0.7329,-0.1055,-1.0166,2.3155,0.9215,0.5484,0.0061,-0.6611,-0.0894,0.9902,2.2423,-0.9231,0.5093,0.2872
20.3504,0.7256,-0.1001,-1.0120,2.3060,0.9392,0.5488,0.0058,-0.6523,-0.0817,0.9844,2.2319,-0.9373,0.5066,0.2876
20.3998,0.7152,-0.0932,-1.0036,2.2910,0.9538,0.5469,0.0058,-0.6412,-0.0740,0.9783,2.2162,-0.9541,0.5074,0.2880
20.4400,0.7072,-0.0874,-0.9982,2.2795,0.9564,0.5465,0.0054,-0.6324,-0.0679,0.9725,2.2059,-0.9576,0.5077,0.2884
20.4800,0.6995,-0.0832,-0.9952,2.2711,0.9622,0.5476,0.0061,-0.6243,-0.0629,0.9668,2.1963,-0.9599,0.5070,0.2884
20.5200,0.6911,-0.0786,-0.9910,2.2619,0.9691,0.5484,0.0061,-0.6159,-0.0587,0.9622,2.1875,-0.9710,0.5081,0.2880
20.5600,0.6842,-0.0740,-0.9867,2.2527,0.9764,0.5472,0.0061,-0.6075,-0.0522,0.9580,2.1779,-0.9791,0.5081,0.2876
20.6101,0.6738,-0.0679,-0.9798,2.2396,0.9883,0.5465,0.0061,-0.5971,-0.0453,0.9515,2.1644,-0.9902,0.5039,0.2880
20.6500,0.6631,-0.0633,-0.9733,2.2254,0.9971,0.5457,0.0065,-0.5875,-0.0383,0.9445,2.1518,-0.9971,0.4997,0.2876
20.6899,0.6539,-0.0568,-0.9683,2.2158,1.0055,0.5442,0.0058,-0.5775,-0.0326,0.9384,2.1418,-1.0017,0.4970,0.2884
20.7302,0.6431,-0.0529,-0.9641,2.2043,1.0120,0.5384,0.0065,-0.5668,-0.0268,0.9330,2.1322,-1.0109,0.4939,0.2884
20.7700,0.6301,-0.0472,-0.9580,2.1913,1.0155,0.5334,0.0065,-0.5557,-0.0211,0.9292,2.1192,-1.0163,0.4893,0.2884
20.8200,0.6190,-0.0410,-0.9530,2.1817,1.0201,0.5288,0.0058,-0.5442,-0.0142,0.9227,2.1088,-1.0189,0.4867,0.2880
20.8599,0.6090,-0.0368,-0.9480,2.1733,1.0216,0.5288,0.0058,-0.5365,-0.0088,0.9189,2.1008,-1.0193,0.4893,0.2872
20.8999,0.5998,-0.0330,-0.9438,2.1644,1.0243,0.5265,0.0065,-0.5281,-0.0042,0.9143,2.0935,-1.0228,0.4882,0.2876
20.9398,0.5917,-0.0295,-0.9407,2.1568,1.0255,0.5277,0.0061,-0.5223,-0.0008,0.9116,2.0866,-1.0274,0.4851,0.2880
20.9897,0.5825,-0.0265,-0.9380,2.1468,1.0293,0.5281,0.0065,-0.5158,0.0023,0.9070,2.0785,-1.0297,0.4847,0.2872
