time,left_s0,left_s1,left_e0,left_e1,left_w0,left_w1,left_w2,right_s0,right_s1,right_e0,right_e1,right_w0,right_w1,right_w2
0.0000,0.1568,-0.3325,-1.3484,1.6809,-0.2243,0.1358,0.0065,-0.1407,-0.3363,1.3369,1.6977,0.2305,0.1315,0.2884
0.0501,0.1572,-0.3329,-1.3484,1.6839,-0.2213,0.1361,0.0065,-0.1427,-0.3363,1.3361,1.7020,0.2278,0.1323,0.2872
0.1001,0.1561,-0.3325,-1.3484,1.6881,-0.2194,0.1350,0.0065,-0.1446,-0.3363,1.3361,1.7062,0.2240,0.1319,0.2880
0.1501,0.1568,-0.3336,-1.3484,1.6912,-0.2102,0.1358,0.0069,-0.1457,-0.3371,1.3353,1.7104,0.2155,0.1335,0.2880
0.2002,0.1561,-0.3333,-1.3488,1.6943,-0.2010,0.1338,0.0061,-0.1476,-0.3363,1.3361,1.7150,0.2082,0.1304,0.2884
0.2603,0.1568,-0.3325,-1.3484,1.6989,-0.1960,0.1335,0.0073,-0.1499,-0.3363,1.3353,1.7192,0.2033,0.1323,0.2880
0.3099,0.1572,-0.3329,-1.3484,1.7023,-0.1944,0.1312,0.0073,-0.1515,-0.3356,1.3349,1.7238,0.2025,0.1315,0.2884
0.3602,0.1572,-0.3329,-1.3480,1.7043,-0.1940,0.1342,0.0061,-0.1542,-0.3348,1.3346,1.7276,0.2033,0.1358,0.2884
0.4101,0.1572,-0.3329,-1.3480,1.7085,-0.1933,0.1304,0.0065,-0.1557,-0.3359,1.3338,1.7322,0.2010,0.1331,0.2884
0.4600,0.1584,-0.3344,-1.3488,1.7131,-0.1925,0.1312,0.0061,-0.1580,-0.3356,1.3323,1.7376,0.1971,0.1258,0.2880
0.5201,0.1588,-0.3329,-1.3480,1.7188,-0.1910,0.1308,0.0073,-0.1611,-0.3348,1.3307,1.7434,0.1921,0.1223,0.2884
0.5699,0.1607,-0.3336,-1.3488,1.7242,-0.1856,0.1331,0.0061,-0.1641,-0.3348,1.3303,1.7495,0.1910,0.1262,0.2884
0.6202,0.1611,-0.3340,-1.3472,1.7269,-0.1818,0.1315,0.0061,-0.1664,-0.3340,1.3296,1.7522,0.1914,0.1304,0.2884
0.6703,0.1618,-0.3356,-1.3461,1.7315,-0.1822,0.1308,0.0065,-0.1691,-0.3348,1.3296,1.7591,0.1914,0.1231,0.2884
0.7201,0.1630,-0.3363,-1.3449,1.7361,-0.1818,0.1312,0.0065,-0.1710,-0.3352,1.3296,1.7614,0.1906,0.1227,0.2880
0.7799,0.1653,-0.3386,-1.3445,1.7418,-0.1822,0.1300,0.0065,-0.1741,-0.3356,1.3296,1.7668,0.1914,0.1223,0.2884
0.8302,0.1664,-0.3386,-1.3438,1.7449,-0.1799,0.1289,0.0069,-0.1764,-0.3356,1.3296,1.7698,0.1910,0.1250,0.2880
0.8801,0.1691,-0.3394,-1.3438,1.7487,-0.1814,0.1262,0.0065,-0.1776,-0.3359,1.3288,1.7744,0.1906,0.1204,0.2876
0.9300,0.1718,-0.3448,-1.3426,1.7526,-0.1818,0.1281,0.0061,-0.1802,-0.3394,1.3284,1.7798,0.1898,0.1216,0.2880
0.9801,0.1741,-0.3478,-1.3407,1.7579,-0.1818,0.1273,0.0065,-0.1818,-0.3402,1.3280,1.7840,0.1898,0.1216,0.2880
1.0401,0.1791,-0.3559,-1.3407,1.7694,-0.1856,0.1254,0.0061,-0.1891,-0.3474,1.3277,1.7967,0.1902,0.1223,0.2884
1.0900,0.1841,-0.3636,-1.3384,1.7810,-0.1875,0.1262,0.0065,-0.1933,-0.3532,1.3269,1.8082,0.1898,0.1231,0.2880
1.1402,0.1902,-0.3724,-1.3380,1.7940,-0.1914,0.1243,0.0065,-0.2002,-0.3582,1.3277,1.8205,0.1925,0.1216,0.2880
1.1902,0.1979,-0.3816,-1.3388,1.8089,-0.1914,0.1262,0.0061,-0.2086,-0.3651,1.3280,1.8335,0.1937,0.1258,0.2876
1.2501,0.2082,-0.3938,-1.3380,1.8258,-0.1975,0.1246,0.0061,-0.2197,-0.3739,1.3277,1.8523,0.1975,0.1208,0.2880
1.3000,0.2171,-0.4034,-1.3388,1.8400,-0.1983,0.1258,0.0069,-0.2293,-0.3804,1.3284,1.8646,0.1963,0.1308,0.2880
1.3501,0.2263,-0.4123,-1.3384,1.8523,-0.1998,0.1266,0.0069,-0.2393,-0.3881,1.3280,1.8761,0.1983,0.1369,0.2884
1.4001,0.2362,-0.4192,-1.3388,1.8603,-0.2006,0.1258,0.0061,-0.2489,-0.3942,1.3284,1.8868,0.1990,0.1358,0.2884
1.4499,0.2439,-0.4241,-1.3388,1.8692,-0.2025,0.1258,0.0065,-0.2573,-0.3988,1.3288,1.8968,0.2021,0.1300,0.2876
1.5099,0.2527,-0.4287,-1.3384,1.8826,-0.2040,0.1277,0.0061,-0.2654,-0.4027,1.3288,1.9071,0.2033,0.1277,0.2880
1.5601,0.2608,-0.4333,-1.3392,1.8937,-0.2040,0.1300,0.0061,-0.2734,-0.4069,1.3292,1.9156,0.2033,0.1327,0.2876
1.6101,0.2669,-0.4349,-1.3388,1.9018,-0.2036,0.1327,0.0065,-0.2784,-0.4088,1.3292,1.9213,0.2040,0.1473,0.2880
1.6602,0.2719,-0.4349,-1.3384,1.9064,-0.2044,0.1335,0.0065,-0.2823,-0.4096,1.3296,1.9278,0.2048,0.1450,0.2880
1.7099,0.2746,-0.4345,-1.3392,1.9098,-0.2036,0.1331,0.0065,-0.2865,-0.4107,1.3292,1.9297,0.2056,0.1450,0.2880
1.7701,0.2769,-0.4357,-1.3380,1.9090,-0.2040,0.1327,0.0058,-0.2872,-0.4103,1.3288,1.9297,0.2052,0.1396,0.2880
1.8202,0.2769,-0.4349,-1.3384,1.9110,-0.2063,0.1315,0.0065,-0.2861,-0.4123,1.3292,1.9332,0.2075,0.1289,0.2888
1.8702,0.2765,-0.4376,-1.3392,1.9148,-0.2090,0.1323,0.0065,-0.2857,-0.4138,1.3300,1.9340,0.2079,0.1338,0.2884
1.9201,0.2773,-0.4406,-1.3380,1.9205,-0.2109,0.1346,0.0069,-0.2869,-0.4157,1.3330,1.9401,0.2109,0.1373,0.2880
1.9699,0.2811,-0.4452,-1.3403,1.9328,-0.2140,0.1396,0.0069,-0.2922,-0.4192,1.3376,1.9497,0.2121,0.1465,0.2880
2.0300,0.2880,-0.4483,-1.3399,1.9424,-0.2151,0.1453,0.0061,-0.2995,-0.4238,1.3418,1.9593,0.2128,0.1511,0.2876
2.0801,0.2957,-0.4529,-1.3407,1.9531,-0.2151,0.1473,0.0065,-0.3068,-0.4276,1.3465,1.9666,0.2148,0.1568,0.2888
2.1301,0.3026,-0.4548,-1.3403,1.9600,-0.2144,0.1484,0.0061,-0.3129,-0.4314,1.3491,1.9719,0.2151,0.1649,0.2884
2.1802,0.3102,-0.4556,-1.3411,1.9662,-0.2163,0.1492,0.0061,-0.3191,-0.4341,1.3514,1.9785,0.2159,0.1572,0.2876
2.2302,0.3175,-0.4583,-1.3411,1.9723,-0.2182,0.1522,0.0073,-0.3260,-0.4372,1.3522,1.9838,0.2148,0.1545,0.2884
2.2906,0.3267,-0.4610,-1.3407,1.9796,-0.2186,0.1545,0.0065,-0.3329,-0.4387,1.3526,1.9892,0.2155,0.1568,0.2876
2.3402,0.3344,-0.4610,-1.3415,1.9869,-0.2186,0.1584,0.0065,-0.3398,-0.4406,1.3541,1.9942,0.2163,0.1657,0.2884
2.3902,0.3409,-0.4625,-1.3418,1.9919,-0.2186,0.1584,0.0065,-0.3436,-0.4410,1.3545,2.0007,0.2167,0.1634,0.2888
2.4401,0.3478,-0.4644,-1.3422,2.0003,-0.2182,0.1630,0.0065,-0.3524,-0.4410,1.3545,2.0061,0.2174,0.1756,0.2872
2.5001,0.3559,-0.4633,-1.3422,2.0076,-0.2105,0.1653,0.0065,-0.3586,-0.4403,1.3545,2.0137,0.2140,0.1691,0.2884
2.5501,0.3632,-0.4621,-1.3434,2.0164,-0.2052,0.1722,0.0069,-0.3655,-0.4399,1.3541,2.0195,0.2117,0.1764,0.2884
2.6004,0.3678,-0.4606,-1.3426,2.0168,-0.1910,0.1802,0.0069,-0.3693,-0.4387,1.3530,2.0191,0.1940,0.1841,0.2880
2.6501,0.3701,-0.4583,-1.3426,2.0168,-0.1822,0.1726,0.0077,-0.3716,-0.4337,1.3537,2.0183,0.1833,0.1818,0.2880
2.7002,0.3701,-0.4475,-1.3445,2.0141,-0.1772,0.1680,0.0065,-0.3712,-0.4230,1.3541,2.0149,0.1814,0.1741,0.2884
2.7600,0.3689,-0.4345,-1.3430,2.0141,-0.1722,0.1684,0.0061,-0.3712,-0.4107,1.3526,2.0130,0.1760,0.1676,0.2880
2.8099,0.3662,-0.4245,-1.3399,2.0133,-0.1684,0.1680,0.0065,-0.3689,-0.4019,1.3495,2.0099,0.1722,0.1680,0.2880
2.8600,0.3647,-0.4165,-1.3384,2.0137,-0.1641,0.1680,0.0069,-0.3693,-0.3950,1.3488,2.0099,0.1695,0.1684,0.2884
2.9099,0.3639,-0.4107,-1.3372,2.0133,-0.1645,0.1676,0.0061,-0.3682,-0.3900,1.3465,2.0091,0.1695,0.1703,0.2880
2.9601,0.3643,-0.4073,-1.3372,2.0126,-0.1649,0.1672,0.0073,-0.3670,-0.3873,1.3449,2.0080,0.1684,0.1707,0.2880
3.0201,0.3651,-0.4077,-1.3372,2.0126,-0.1634,0.1676,0.0069,-0.3651,-0.3866,1.3430,2.0072,0.1645,0.1726,0.2884
3.0699,0.3662,-0.4073,-1.3369,2.0137,-0.1645,0.1680,0.0065,-0.3651,-0.3850,1.3422,2.0057,0.1611,0.1714,0.2884
3.1200,0.3670,-0.4069,-1.3372,2.0133,-0.1618,0.1680,0.0069,-0.3643,-0.3839,1.3415,2.0053,0.1576,0.1741,0.2888
3.1702,0.3674,-0.4057,-1.3372,2.0141,-0.1557,0.1680,0.0058,-0.3636,-0.3827,1.3407,2.0041,0.1576,0.1749,0.2880
3.2201,0.3689,-0.4046,-1.3349,2.0130,-0.1488,0.1668,0.0069,-0.3647,-0.3800,1.3395,2.0022,0.1522,0.1783,0.2880
3.2799,0.3697,-0.4004,-1.3353,2.0137,-0.1419,0.1684,0.0073,-0.3651,-0.3762,1.3395,2.0011,0.1438,0.1825,0.2884
3.3301,0.3689,-0.3965,-1.3338,2.0141,-0.1404,0.1680,0.0061,-0.3647,-0.3724,1.3372,1.9980,0.1404,0.1845,0.2888
3.3802,0.3674,-0.3912,-1.3323,2.0091,-0.1346,0.1718,0.0069,-0.3639,-0.3670,1.3357,1.9938,0.1350,0.1787,0.2876
3.4303,0.3655,-0.3843,-1.3323,1.9992,-0.1250,0.1749,0.0069,-0.3609,-0.3590,1.3349,1.9842,0.1269,0.1722,0.2876
3.4801,0.3605,-0.3774,-1.3303,1.9911,-0.1220,0.1676,0.0069,-0.3555,-0.3524,1.3311,1.9738,0.1235,0.1649,0.2880
3.5400,0.3497,-0.3708,-1.3234,1.9762,-0.1177,0.1622,0.0069,-0.3486,-0.3436,1.3265,1.9593,0.1212,0.1592,0.2884
3.5901,0.3382,-0.3605,-1.3219,1.9577,-0.1093,0.1618,0.0069,-0.3371,-0.3344,1.3261,1.9439,0.1158,0.1549,0.2888
3.6401,0.3244,-0.3509,-1.3196,1.9382,-0.1055,0.1580,0.0065,-0.3237,-0.3260,1.3254,1.9259,0.1124,0.1515,0.2876
3.6902,0.3060,-0.3394,-1.3158,1.9144,-0.1047,0.1553,0.0061,-0.3053,-0.3183,1.3250,1.9044,0.1104,0.1469,0.2876
3.7501,0.2842,-0.3290,-1.3150,1.8856,-0.1066,0.1465,0.0065,-0.2830,-0.3095,1.3238,1.8810,0.1112,0.1365,0.2884
3.8002,0.2631,-0.3214,-1.3146,1.8600,-0.1120,0.1461,0.0065,-0.2642,-0.3064,1.3219,1.8600,0.1139,0.1419,0.2884
3.8502,0.2424,-0.3164,-1.3139,1.8404,-0.1139,0.1361,0.0069,-0.2458,-0.3037,1.3204,1.8458,0.1147,0.1250,0.2880
3.9001,0.2240,-0.3133,-1.3139,1.8243,-0.1246,0.1346,0.0069,-0.2286,-0.3022,1.3208,1.8323,0.1239,0.1266,0.2876
3.9501,0.2086,-0.3125,-1.3142,1.8120,-0.1338,0.1373,0.0069,-0.2144,-0.3033,1.3200,1.8239,0.1308,0.1273,0.2892
4.0101,0.1940,-0.3133,-1.3154,1.8005,-0.1373,0.1373,0.0065,-0.2017,-0.3030,1.3200,1.8139,0.1369,0.1411,0.2884
4.0601,0.1860,-0.3118,-1.3154,1.7925,-0.1423,0.1373,0.0065,-0.1940,-0.3045,1.3192,1.8112,0.1423,0.1384,0.2876
4.1099,0.1795,-0.3141,-1.3158,1.7844,-0.1438,0.1373,0.0069,-0.1887,-0.3072,1.3192,1.8063,0.1430,0.1358,0.2876
4.1601,0.1741,-0.3156,-1.3150,1.7740,-0.1446,0.1400,0.0065,-0.1833,-0.3102,1.3188,1.7982,0.1442,0.1358,0.2880
4.2100,0.1703,-0.3172,-1.3165,1.7652,-0.1450,0.1388,0.0061,-0.1795,-0.3125,1.3196,1.7902,0.1461,0.1350,0.2884
4.2700,0.1668,-0.3172,-1.3181,1.7568,-0.1453,0.1373,0.0061,-0.1772,-0.3145,1.3188,1.7833,0.1488,0.1350,0.2880
4.3202,0.1645,-0.3156,-1.3181,1.7472,-0.1473,0.1434,0.0069,-0.1753,-0.3148,1.3192,1.7767,0.1476,0.1369,0.2872
4.3702,0.1630,-0.3152,-1.3181,1.7407,-0.1492,0.1419,0.0069,-0.1737,-0.3148,1.3192,1.7687,0.1484,0.1377,0.2884
4.4204,0.1618,-0.3152,-1.3192,1.7330,-0.1507,0.1442,0.0073,-0.1730,-0.3133,1.3185,1.7625,0.1507,0.1346,0.2880
4.4700,0.1592,-0.3137,-1.3192,1.7230,-0.1519,0.1469,0.0061,-0.1710,-0.3129,1.3181,1.7541,0.1519,0.1350,0.2876
4.5301,0.1568,-0.3129,-1.3208,1.7142,-0.1534,0.1430,0.0069,-0.1691,-0.3129,1.3185,1.7438,0.1542,0.1346,0.2884
4.5801,0.1545,-0.3118,-1.3211,1.7043,-0.1542,0.1473,0.0061,-0.1672,-0.3125,1.3188,1.7357,0.1545,0.1327,0.2884
4.6301,0.1526,-0.3125,-1.3219,1.6997,-0.1622,0.1392,0.0061,-0.1638,-0.3114,1.3181,1.7288,0.1615,0.1273,0.2880
4.6802,0.1511,-0.3114,-1.3227,1.6931,-0.1676,0.1396,0.0069,-0.1607,-0.3122,1.3188,1.7230,0.1668,0.1281,0.2880
4.7301,0.1496,-0.3122,-1.3238,1.6878,-0.1745,0.1400,0.0073,-0.1576,-0.3110,1.3181,1.7173,0.1745,0.1361,0.2876
4.7901,0.1476,-0.3114,-1.3254,1.6816,-0.1764,0.1396,0.0069,-0.1542,-0.3114,1.3188,1.7127,0.1756,0.1346,0.2880
4.8399,0.1453,-0.3102,-1.3273,1.6751,-0.1764,0.1404,0.0069,-0.1503,-0.3122,1.3181,1.7092,0.1764,0.1350,0.2884
4.8901,0.1434,-0.3110,-1.3292,1.6724,-0.1772,0.1369,0.0069,-0.1476,-0.3114,1.3188,1.7054,0.1776,0.1323,0.2880
4.9402,0.1400,-0.3122,-1.3292,1.6686,-0.1852,0.1377,0.0073,-0.1446,-0.3118,1.3177,1.7023,0.1856,0.1346,0.2876
5.0002,0.1384,-0.3110,-1.3319,1.6655,-0.1902,0.1381,0.0065,-0.1419,-0.3129,1.3181,1.7000,0.1925,0.1350,0.2880
5.0500,0.1365,-0.3099,-1.3319,1.6621,-0.1975,0.1400,0.0073,-0.1396,-0.3145,1.3177,1.6966,0.1971,0.1331,0.2876
5.1002,0.1350,-0.3114,-1.3326,1.6586,-0.1979,0.1381,0.0065,-0.1373,-0.3160,1.3185,1.6931,0.1971,0.1346,0.2884
5.1502,0.1319,-0.3125,-1.3346,1.6544,-0.2040,0.1384,0.0065,-0.1354,-0.3172,1.3181,1.6889,0.2044,0.1350,0.2876
5.2000,0.1300,-0.3110,-1.3357,1.6506,-0.2063,0.1392,0.0061,-0.1338,-0.3175,1.3181,1.6851,0.2071,0.1338,0.2888
5.2600,0.1296,-0.3106,-1.3372,1.6456,-0.2067,0.1407,0.0069,-0.1315,-0.3187,1.3185,1.6793,0.2082,0.1365,0.2880
5.3102,0.1300,-0.3110,-1.3403,1.6444,-0.2098,0.1415,0.0069,-0.1315,-0.3191,1.3185,1.6766,0.2109,0.1327,0.2880
5.3600,0.1296,-0.3106,-1.3403,1.6417,-0.2148,0.1411,0.0069,-0.1304,-0.3206,1.3173,1.6732,0.2148,0.1384,0.2872
5.4100,0.1292,-0.3125,-1.3411,1.6387,-0.2155,0.1415,0.0069,-0.1308,-0.3210,1.3181,1.6701,0.2159,0.1384,0.2880
5.4601,0.1304,-0.3125,-1.3411,1.6356,-0.2151,0.1423,0.0065,-0.1308,-0.3221,1.3177,1.6686,0.2163,0.1373,0.2880
5.5201,0.1300,-0.3118,-1.3418,1.6341,-0.2159,0.1450,0.0069,-0.1300,-0.3221,1.3181,1.6655,0.2171,0.1373,0.2880
5.5702,0.1304,-0.3118,-1.3418,1.6333,-0.2159,0.1415,0.0069,-0.1308,-0.3225,1.3188,1.6644,0.2167,0.1392,0.2880
5.6201,0.1304,-0.3118,-1.3418,1.6341,-0.2194,0.1430,0.0065,-0.1304,-0.3233,1.3181,1.6640,0.2197,0.1377,0.2884
5.6705,0.1304,-0.3122,-1.3415,1.6333,-0.2255,0.1427,0.0069,-0.1308,-0.3241,1.3173,1.6636,0.2270,0.1388,0.2880
5.7204,0.1300,-0.3122,-1.3422,1.6325,-0.2289,0.1415,0.0061,-0.1308,-0.3271,1.3173,1.6636,0.2289,0.1392,0.2876
5.7799,0.1304,-0.3133,-1.3426,1.6322,-0.2282,0.1423,0.0058,-0.1312,-0.3306,1.3173,1.6636,0.2305,0.1384,0.2880
5.8301,0.1315,-0.3145,-1.3434,1.6318,-0.2289,0.1423,0.0065,-0.1308,-0.3340,1.3181,1.6625,0.2301,0.1384,0.2880
5.8799,0.1319,-0.3137,-1.3430,1.6322,-0.2286,0.1427,0.0065,-0.1308,-0.3352,1.3185,1.6632,0.2305,0.1384,0.2884
5.9302,0.1323,-0.3156,-1.3422,1.6325,-0.2305,0.1427,0.0069,-0.1304,-0.3363,1.3185,1.6625,0.2297,0.1384,0.2888
5.9801,0.1331,-0.3145,-1.3415,1.6325,-0.2397,0.1427,0.0065,-0.1308,-0.3382,1.3173,1.6640,0.2389,0.1392,0.2884
6.0399,0.1331,-0.3179,-1.3422,1.6318,-0.2424,0.1427,0.0069,-0.1308,-0.3402,1.3181,1.6636,0.2428,0.1388,0.2880
6.0901,0.1335,-0.3218,-1.3430,1.6318,-0.2416,0.1438,0.0065,-0.1300,-0.3428,1.3181,1.6636,0.2447,0.1388,0.2876
6.1399,0.1331,-0.3256,-1.3434,1.6325,-0.2424,0.1438,0.0065,-0.1304,-0.3440,1.3196,1.6632,0.2454,0.1388,0.2884
6.1900,0.1338,-0.3271,-1.3438,1.6314,-0.2420,0.1442,0.0069,-0.1300,-0.3448,1.3204,1.6628,0.2451,0.1381,0.2876
6.2501,0.1346,-0.3298,-1.3438,1.6329,-0.2489,0.1438,0.0065,-0.1300,-0.3467,1.3204,1.6632,0.2504,0.1388,0.2876
6.3000,0.1350,-0.3329,-1.3434,1.6333,-0.2554,0.1438,0.0065,-0.1304,-0.3474,1.3204,1.6640,0.2569,0.1392,0.2880
6.3500,0.1361,-0.3356,-1.3457,1.6329,-0.2566,0.1430,0.0069,-0.1304,-0.3494,1.3223,1.6648,0.2569,0.1388,0.2880
6.4000,0.1358,-0.3394,-1.3465,1.6333,-0.2562,0.1434,0.0069,-0.1308,-0.3505,1.3231,1.6648,0.2573,0.1388,0.2884
6.4500,0.1373,-0.3432,-1.3484,1.6345,-0.2562,0.1438,0.0069,-0.1308,-0.3528,1.3238,1.6644,0.2581,0.1384,0.2884
6.5101,0.1377,-0.3467,-1.3495,1.6341,-0.2604,0.1450,0.0065,-0.1300,-0.3551,1.3257,1.6648,0.2615,0.1392,0.2876
6.5600,0.1369,-0.3501,-1.3495,1.6345,-0.2704,0.1438,0.0069,-0.1312,-0.3567,1.3265,1.6659,0.2707,0.1396,0.2880
6.6100,0.1369,-0.3532,-1.3495,1.6341,-0.2719,0.1434,0.0065,-0.1300,-0.3601,1.3265,1.6655,0.2727,0.1369,0.2876
6.6600,0.1377,-0.3563,-1.3511,1.6341,-0.2719,0.1438,0.0069,-0.1308,-0.3628,1.3284,1.6671,0.2742,0.1342,0.2876
6.7101,0.1381,-0.3605,-1.3522,1.6356,-0.2719,0.1442,0.0065,-0.1315,-0.3651,1.3311,1.6674,0.2742,0.1373,0.2884
6.7702,0.1377,-0.3620,-1.3541,1.6356,-0.2723,0.1434,0.0069,-0.1315,-0.3666,1.3342,1.6671,0.2742,0.1457,0.2876
6.8200,0.1384,-0.3624,-1.3541,1.6352,-0.2723,0.1434,0.0061,-0.1319,-0.3685,1.3365,1.6671,0.2746,0.1519,0.2884
6.8700,0.1384,-0.3624,-1.3541,1.6356,-0.2715,0.1434,0.0065,-0.1327,-0.3693,1.3384,1.6686,0.2746,0.1549,0.2884
6.9201,0.1384,-0.3620,-1.3534,1.6360,-0.2719,0.1442,0.0069,-0.1323,-0.3693,1.3392,1.6709,0.2746,0.1457,0.2880
6.9701,0.1392,-0.3624,-1.3537,1.6360,-0.2780,0.1446,0.0065,-0.1319,-0.3705,1.3392,1.6701,0.2803,0.1430,0.2880
7.0300,0.1388,-0.3628,-1.3537,1.6352,-0.2834,0.1442,0.0065,-0.1327,-0.3705,1.3388,1.6690,0.2842,0.1423,0.2880
7.0800,0.1384,-0.3616,-1.3537,1.6348,-0.2834,0.1430,0.0069,-0.1327,-0.3708,1.3395,1.6674,0.2842,0.1407,0.2884
7.1302,0.1384,-0.3620,-1.3541,1.6352,-0.2834,0.1442,0.0065,-0.1331,-0.3708,1.3392,1.6674,0.2849,0.1427,0.2884
7.1800,0.1392,-0.3628,-1.3537,1.6356,-0.2838,0.1442,0.0069,-0.1331,-0.3708,1.3395,1.6674,0.2846,0.1427,0.2872
7.2300,0.1400,-0.3632,-1.3537,1.6360,-0.2834,0.1438,0.0069,-0.1335,-0.3720,1.3392,1.6674,0.2849,0.1430,0.2876
7.2904,0.1396,-0.3628,-1.3545,1.6356,-0.2834,0.1446,0.0069,-0.1331,-0.3720,1.3392,1.6674,0.2849,0.1430,0.2880
7.3399,0.1396,-0.3620,-1.3545,1.6356,-0.2834,0.1442,0.0061,-0.1335,-0.3716,1.3395,1.6671,0.2853,0.1423,0.2876
7.3902,0.1388,-0.3624,-1.3537,1.6352,-0.2869,0.1430,0.0061,-0.1342,-0.3720,1.3392,1.6667,0.2880,0.1423,0.2872
7.4407,0.1400,-0.3624,-1.3541,1.6348,-0.2945,0.1438,0.0058,-0.1331,-0.3739,1.3392,1.6671,0.2964,0.1423,0.2888
7.5001,0.1396,-0.3659,-1.3530,1.6325,-0.2957,0.1427,0.0065,-0.1338,-0.3751,1.3395,1.6640,0.2984,0.1427,0.2884
7.5501,0.1392,-0.3655,-1.3545,1.6322,-0.2957,0.1438,0.0065,-0.1331,-0.3762,1.3395,1.6640,0.2987,0.1419,0.2880
7.6001,0.1396,-0.3659,-1.3545,1.6299,-0.3007,0.1442,0.0073,-0.1331,-0.3781,1.3392,1.6621,0.3022,0.1434,0.2876
7.6500,0.1404,-0.3666,-1.3572,1.6287,-0.3045,0.1434,0.0061,-0.1338,-0.3797,1.3395,1.6602,0.3053,0.1430,0.2888
7.7001,0.1396,-0.3662,-1.3583,1.6268,-0.3056,0.1438,0.0069,-0.1327,-0.3816,1.3399,1.6578,0.3072,0.1423,0.2884
7.7603,0.1407,-0.3674,-1.3606,1.6253,-0.3068,0.1423,0.0061,-0.1342,-0.3823,1.3395,1.6567,0.3087,0.1411,0.2872
7.8101,0.1400,-0.3682,-1.3618,1.6230,-0.3087,0.1446,0.0073,-0.1338,-0.3835,1.3399,1.6532,0.3095,0.1434,0.2880
7.8601,0.1404,-0.3697,-1.3626,1.6222,-0.3118,0.1446,0.0058,-0.1335,-0.3843,1.3403,1.6509,0.3129,0.1453,0.2876
7.9100,0.1400,-0.3701,-1.3645,1.6199,-0.3122,0.1457,0.0065,-0.1335,-0.3843,1.3392,1.6483,0.3137,0.1484,0.2884
7.9602,0.1404,-0.3685,-1.3656,1.6180,-0.3122,0.1457,0.0077,-0.1338,-0.3843,1.3403,1.6448,0.3141,0.1519,0.2880
8.0202,0.1404,-0.3685,-1.3660,1.6168,-0.3145,0.1461,0.0065,-0.1335,-0.3839,1.3403,1.6429,0.3141,0.1526,0.2872
8.0701,0.1404,-0.3689,-1.3652,1.6141,-0.3195,0.1473,0.0065,-0.1323,-0.3846,1.3395,1.6414,0.3206,0.1526,0.2880
8.1201,0.1396,-0.3689,-1.3656,1.6118,-0.3221,0.1480,0.0065,-0.1335,-0.3850,1.3395,1.6394,0.3233,0.1526,0.2876
8.1699,0.1411,-0.3685,-1.3649,1.6099,-0.3225,0.1515,0.0065,-0.1327,-0.3854,1.3399,1.6368,0.3241,0.1515,0.2884
8.2200,0.1404,-0.3693,-1.3656,1.6099,-0.3221,0.1515,0.0061,-0.1335,-0.3854,1.3418,1.6360,0.3244,0.1503,0.2884
8.2800,0.1411,-0.3689,-1.3656,1.6091,-0.3221,0.1519,0.0069,-0.1331,-0.3858,1.3434,1.6352,0.3241,0.1503,0.2884
8.3300,0.1396,-0.3685,-1.3652,1.6080,-0.3221,0.1507,0.0069,-0.1331,-0.3854,1.3442,1.6333,0.3237,0.1545,0.2884
8.3799,0.1404,-0.3697,-1.3652,1.6084,-0.3221,0.1511,0.0065,-0.1335,-0.3854,1.3453,1.6337,0.3241,0.1603,0.2876
8.4302,0.1407,-0.3693,-1.3656,1.6076,-0.3225,0.1507,0.0065,-0.1327,-0.3858,1.3449,1.6333,0.3241,0.1680,0.2872
8.4802,0.1407,-0.3705,-1.3656,1.6080,-0.3317,0.1507,0.0061,-0.1335,-0.3866,1.3449,1.6356,0.3321,0.1626,0.2880
8.5400,0.1396,-0.3731,-1.3656,1.6076,-0.3371,0.1507,0.0065,-0.1331,-0.3896,1.3445,1.6337,0.3367,0.1576,0.2892
8.5901,0.1415,-0.3747,-1.3656,1.6076,-0.3363,0.1511,0.0069,-0.1331,-0.3923,1.3445,1.6341,0.3386,0.1492,0.2888
8.6399,0.1415,-0.3777,-1.3652,1.6080,-0.3371,0.1507,0.0065,-0.1323,-0.3954,1.3457,1.6329,0.3390,0.1492,0.2880
8.6903,0.1415,-0.3785,-1.3656,1.6080,-0.3367,0.1515,0.0065,-0.1335,-0.3985,1.3468,1.6341,0.3386,0.1503,0.2876
8.7499,0.1419,-0.3816,-1.3656,1.6080,-0.3363,0.1522,0.0069,-0.1327,-0.4004,1.3491,1.6337,0.3379,0.1542,0.2884
8.8002,0.1415,-0.3823,-1.3652,1.6084,-0.3394,0.1511,0.0069,-0.1327,-0.4019,1.3507,1.6333,0.3390,0.1576,0.2888
8.8501,0.1415,-0.3835,-1.3652,1.6088,-0.3482,0.1511,0.0069,-0.1331,-0.4042,1.3503,1.6337,0.3501,0.1603,0.2880
8.9000,0.1419,-0.3854,-1.3652,1.6084,-0.3497,0.1507,0.0065,-0.1323,-0.4061,1.3511,1.6345,0.3524,0.1622,0.2876
8.9500,0.1419,-0.3892,-1.3656,1.6091,-0.3501,0.1511,0.0065,-0.1327,-0.4084,1.3530,1.6345,0.3528,0.1615,0.2876
9.0100,0.1411,-0.3919,-1.3660,1.6080,-0.3501,0.1515,0.0065,-0.1335,-0.4115,1.3545,1.6341,0.3528,0.1588,0.2884
9.0600,0.1419,-0.3935,-1.3664,1.6076,-0.3505,0.1507,0.0069,-0.1331,-0.4123,1.3549,1.6341,0.3528,0.1542,0.2876
9.1099,0.1419,-0.3938,-1.3664,1.6080,-0.3513,0.1515,0.0065,-0.1331,-0.4134,1.3549,1.6345,0.3536,0.1511,0.2876
9.1601,0.1419,-0.3938,-1.3660,1.6084,-0.3505,0.1519,0.0061,-0.1327,-0.4138,1.3549,1.6348,0.3532,0.1488,0.2880
9.2102,0.1423,-0.3942,-1.3660,1.6088,-0.3593,0.1511,0.0058,-0.1331,-0.4153,1.3545,1.6356,0.3609,0.1511,0.2884
9.2699,0.1415,-0.3958,-1.3668,1.6088,-0.3643,0.1507,0.0061,-0.1338,-0.4169,1.3545,1.6337,0.3651,0.1545,0.2880
9.3202,0.1430,-0.3988,-1.3672,1.6088,-0.3659,0.1515,0.0061,-0.1338,-0.4195,1.3557,1.6352,0.3674,0.1522,0.2884
9.3700,0.1430,-0.4023,-1.3672,1.6095,-0.3647,0.1515,0.0065,-0.1338,-0.4211,1.3557,1.6345,0.3666,0.1522,0.2884
9.4200,0.1430,-0.4031,-1.3683,1.6084,-0.3647,0.1519,0.0065,-0.1342,-0.4245,1.3560,1.6352,0.3678,0.1545,0.2884
9.4699,0.1430,-0.4061,-1.3679,1.6080,-0.3659,0.1507,0.0061,-0.1350,-0.4261,1.3564,1.6364,0.3670,0.1576,0.2880
9.5302,0.1434,-0.4061,-1.3698,1.6091,-0.3655,0.1519,0.0065,-0.1342,-0.4257,1.3572,1.6368,0.3674,0.1584,0.2880
9.5801,0.1438,-0.4065,-1.3710,1.6084,-0.3651,0.1507,0.0069,-0.1346,-0.4261,1.3568,1.6356,0.3678,0.1592,0.2892
9.6302,0.1430,-0.4061,-1.3714,1.6084,-0.3716,0.1542,0.0058,-0.1350,-0.4272,1.3568,1.6356,0.3728,0.1588,0.2884
9.6801,0.1438,-0.4069,-1.3714,1.6076,-0.3743,0.1561,0.0069,-0.1350,-0.4276,1.3576,1.6360,0.3747,0.1549,0.2880
9.7302,0.1438,-0.4084,-1.3721,1.6065,-0.3739,0.1565,0.0069,-0.1350,-0.4276,1.3576,1.6348,0.3770,0.1576,0.2880
9.7901,0.1450,-0.4065,-1.3725,1.6065,-0.3758,0.1561,0.0065,-0.1358,-0.4280,1.3591,1.6352,0.3766,0.1607,0.2884
9.8401,0.1446,-0.4069,-1.3733,1.6057,-0.3812,0.1576,0.0065,-0.1358,-0.4284,1.3599,1.6360,0.3812,0.1641,0.2880
9.8900,0.1446,-0.4077,-1.3733,1.6042,-0.3846,0.1611,0.0065,-0.1361,-0.4291,1.3606,1.6345,0.3858,0.1645,0.2884
9.9399,0.1457,-0.4088,-1.3756,1.6034,-0.3854,0.1603,0.0065,-0.1361,-0.4310,1.3610,1.6345,0.3877,0.1634,0.2880
10.0000,0.1450,-0.4103,-1.3752,1.6015,-0.3854,0.1607,0.0065,-0.1365,-0.4310,1.3629,1.6337,0.3877,0.1641,0.2880
10.0500,0.1457,-0.4111,-1.3764,1.6019,-0.3854,0.1611,0.0065,-0.1369,-0.4322,1.3637,1.6325,0.3877,0.1641,0.2880
10.0999,0.1461,-0.4119,-1.3764,1.6007,-0.3854,0.1607,0.0065,-0.1373,-0.4337,1.3633,1.6325,0.3881,0.1653,0.2872
10.1501,0.1457,-0.4126,-1.3767,1.6011,-0.3862,0.1615,0.0065,-0.1373,-0.4337,1.3641,1.6318,0.3881,0.1653,0.2876
10.2001,0.1465,-0.4126,-1.3760,1.6003,-0.3904,0.1626,0.0061,-0.1373,-0.4341,1.3641,1.6306,0.3931,0.1672,0.2880
10.2600,0.1465,-0.4130,-1.3771,1.5984,-0.3973,0.1641,0.0065,-0.1381,-0.4364,1.3645,1.6287,0.3981,0.1699,0.2880
10.3099,0.1465,-0.4153,-1.3775,1.5980,-0.3973,0.1664,0.0069,-0.1377,-0.4372,1.3645,1.6272,0.3992,0.1718,0.2884
10.3600,0.1469,-0.4176,-1.3779,1.5965,-0.3962,0.1672,0.0061,-0.1384,-0.4391,1.3641,1.6268,0.4011,0.1730,0.2880
10.4101,0.1473,-0.4184,-1.3779,1.5965,-0.3977,0.1680,0.0065,-0.1392,-0.4403,1.3652,1.6264,0.4011,0.1733,0.2880
10.4600,0.1480,-0.4192,-1.3794,1.5973,-0.3977,0.1680,0.0065,-0.1392,-0.4418,1.3649,1.6256,0.4015,0.1726,0.2888
10.5202,0.1476,-0.4188,-1.3790,1.5973,-0.3985,0.1680,0.0069,-0.1404,-0.4426,1.3656,1.6249,0.4011,0.1726,0.2884
10.5701,0.1476,-0.4207,-1.3783,1.5957,-0.4069,0.1699,0.0065,-0.1404,-0.4429,1.3664,1.6241,0.4069,0.1760,0.2876
10.6200,0.1480,-0.4207,-1.3794,1.5938,-0.4084,0.1707,0.0065,-0.1407,-0.4445,1.3675,1.6230,0.4096,0.1776,0.2884
10.6700,0.1476,-0.4222,-1.3787,1.5934,-0.4100,0.1703,0.0065,-0.1415,-0.4456,1.3675,1.6222,0.4119,0.1749,0.2876
10.7201,0.1492,-0.4245,-1.3783,1.5927,-0.4100,0.1718,0.0073,-0.1415,-0.4475,1.3698,1.6203,0.4115,0.1776,0.2880
10.7801,0.1496,-0.4249,-1.3790,1.5915,-0.4103,0.1745,0.0065,-0.1430,-0.4495,1.3702,1.6195,0.4119,0.1795,0.2876
10.8301,0.1503,-0.4253,-1.3790,1.5907,-0.4142,0.1764,0.0065,-0.1430,-0.4498,1.3706,1.6187,0.4157,0.1825,0.2880
10.8799,0.1499,-0.4264,-1.3806,1.5896,-0.4176,0.1768,0.0061,-0.1434,-0.4514,1.3718,1.6168,0.4165,0.1845,0.2880
10.9300,0.1503,-0.4272,-1.3817,1.5873,-0.4176,0.1795,0.0069,-0.1434,-0.4529,1.3718,1.6145,0.4192,0.1875,0.2884
10.9799,0.1507,-0.4272,-1.3837,1.5858,-0.4176,0.1810,0.0061,-0.1434,-0.4521,1.3733,1.6141,0.4207,0.1841,0.2876
11.0401,0.1503,-0.4268,-1.3852,1.5858,-0.4172,0.1799,0.0065,-0.1442,-0.4521,1.3729,1.6126,0.4207,0.1833,0.2884
11.0902,0.1515,-0.4280,-1.3871,1.5854,-0.4222,0.1802,0.0069,-0.1446,-0.4537,1.3733,1.6126,0.4245,0.1852,0.2876
11.1400,0.1503,-0.4291,-1.3875,1.5846,-0.4307,0.1795,0.0065,-0.1453,-0.4541,1.3733,1.6126,0.4295,0.1883,0.2884
11.1903,0.1511,-0.4310,-1.3875,1.5838,-0.4307,0.1806,0.0069,-0.1461,-0.4560,1.3741,1.6130,0.4307,0.1914,0.2884
11.2501,0.1511,-0.4345,-1.3875,1.5827,-0.4318,0.1848,0.0061,-0.1465,-0.4598,1.3752,1.6130,0.4322,0.1898,0.2880
11.2999,0.1519,-0.4349,-1.3879,1.5835,-0.4303,0.1856,0.0069,-0.1473,-0.4617,1.3752,1.6122,0.4322,0.1906,0.2876
11.3501,0.1515,-0.4364,-1.3890,1.5827,-0.4314,0.1848,0.0061,-0.1473,-0.4633,1.3752,1.6126,0.4322,0.1906,0.2880
11.3999,0.1515,-0.4372,-1.3890,1.5819,-0.4307,0.1852,0.0058,-0.1480,-0.4648,1.3752,1.6126,0.4318,0.1910,0.2880
11.4501,0.1515,-0.4391,-1.3894,1.5827,-0.4345,0.1852,0.0065,-0.1476,-0.4652,1.3756,1.6130,0.4345,0.1910,0.2880
11.5100,0.1519,-0.4395,-1.3883,1.5827,-0.4422,0.1852,0.0069,-0.1496,-0.4675,1.3760,1.6134,0.4426,0.1944,0.2880
11.5600,0.1519,-0.4429,-1.3894,1.5815,-0.4437,0.1848,0.0065,-0.1499,-0.4679,1.3783,1.6126,0.4445,0.1940,0.2884
11.6102,0.1530,-0.4449,-1.3883,1.5827,-0.4441,0.1887,0.0069,-0.1511,-0.4705,1.3802,1.6126,0.4445,0.1944,0.2880
11.6600,0.1534,-0.4468,-1.3894,1.5819,-0.4437,0.1906,0.0069,-0.1526,-0.4728,1.3817,1.6134,0.4456,0.1937,0.2884
11.7099,0.1545,-0.4491,-1.3890,1.5827,-0.4445,0.1898,0.0065,-0.1530,-0.4744,1.3833,1.6126,0.4449,0.1952,0.2888
11.7700,0.1549,-0.4514,-1.3890,1.5819,-0.4441,0.1891,0.0065,-0.1542,-0.4763,1.3848,1.6130,0.4449,0.1960,0.2880
11.8201,0.1557,-0.4510,-1.3886,1.5819,-0.4464,0.1921,0.0069,-0.1538,-0.4775,1.3844,1.6126,0.4468,0.1971,0.2880
11.8700,0.1549,-0.4506,-1.3894,1.5808,-0.4514,0.1937,0.0065,-0.1534,-0.4771,1.3848,1.6111,0.4506,0.2040,0.2888
11.9208,0.1557,-0.4518,-1.3906,1.5796,-0.4510,0.1960,0.0065,-0.1542,-0.4778,1.3852,1.6088,0.4525,0.2056,0.2880
11.9701,0.1561,-0.4514,-1.3906,1.5785,-0.4529,0.1987,0.0065,-0.1538,-0.4778,1.3848,1.6072,0.4541,0.2056,0.2880
12.0299,0.1565,-0.4514,-1.3932,1.5742,-0.4552,0.2056,0.0065,-0.1545,-0.4782,1.3856,1.6026,0.4548,0.2128,0.2888
12.0800,0.1561,-0.4514,-1.3929,1.5719,-0.4552,0.2090,0.0061,-0.1545,-0.4782,1.3852,1.5992,0.4552,0.2155,0.2888
12.1301,0.1561,-0.4525,-1.3940,1.5700,-0.4552,0.2079,0.0065,-0.1553,-0.4786,1.3852,1.5961,0.4571,0.2174,0.2880
12.1799,0.1561,-0.4521,-1.3936,1.5689,-0.4548,0.2094,0.0061,-0.1557,-0.4786,1.3848,1.5946,0.4564,0.2194,0.2888
12.2301,0.1572,-0.4502,-1.3936,1.5677,-0.4544,0.2094,0.0061,-0.1557,-0.4790,1.3863,1.5938,0.4564,0.2174,0.2880
12.2904,0.1561,-0.4518,-1.3940,1.5673,-0.4613,0.2109,0.0069,-0.1553,-0.4782,1.3856,1.5919,0.4629,0.2194,0.2880
12.3400,0.1557,-0.4518,-1.3929,1.5650,-0.4636,0.2113,0.0069,-0.1553,-0.4778,1.3856,1.5911,0.4656,0.2217,0.2888
12.3900,0.1557,-0.4521,-1.3944,1.5635,-0.4640,0.2140,0.0065,-0.1561,-0.4786,1.3852,1.5896,0.4659,0.2263,0.2888
12.4400,0.1568,-0.4510,-1.3936,1.5627,-0.4636,0.2144,0.0065,-0.1565,-0.4782,1.3848,1.5892,0.4656,0.2278,0.2876
12.5000,0.1561,-0.4510,-1.3948,1.5616,-0.4640,0.2136,0.0069,-0.1568,-0.4786,1.3848,1.5884,0.4667,0.2289,0.2884
12.5502,0.1568,-0.4525,-1.3940,1.5608,-0.4659,0.2148,0.0065,-0.1565,-0.4794,1.3856,1.5892,0.4667,0.2270,0.2884
12.6000,0.1557,-0.4518,-1.3936,1.5601,-0.4705,0.2182,0.0069,-0.1572,-0.4790,1.3856,1.5881,0.4721,0.2282,0.2880
12.6502,0.1565,-0.4525,-1.3944,1.5593,-0.4725,0.2197,0.0061,-0.1568,-0.4801,1.3852,1.5881,0.4755,0.2282,0.2884
12.7001,0.1572,-0.4521,-1.3940,1.5585,-0.4721,0.2220,0.0073,-0.1584,-0.4798,1.3860,1.5869,0.4752,0.2301,0.2880
12.7602,0.1572,-0.4537,-1.3948,1.5589,-0.4728,0.2236,0.0073,-0.1592,-0.4805,1.3863,1.5861,0.4752,0.2320,0.2880
12.8101,0.1572,-0.4525,-1.3944,1.5589,-0.4725,0.2224,0.0061,-0.1599,-0.4805,1.3886,1.5865,0.4763,0.2335,0.2888
12.8601,0.1572,-0.4529,-1.3940,1.5589,-0.4721,0.2228,0.0061,-0.1595,-0.4817,1.3883,1.5858,0.4755,0.2324,0.2876
12.9101,0.1572,-0.4533,-1.3940,1.5566,-0.4759,0.2263,0.0065,-0.1584,-0.4813,1.3879,1.5854,0.4775,0.2374,0.2884
12.9599,0.1580,-0.4529,-1.3940,1.5562,-0.4778,0.2297,0.0061,-0.1599,-0.4817,1.3875,1.5842,0.4790,0.2397,0.2880
13.0199,0.1580,-0.4529,-1.3932,1.5532,-0.4786,0.2320,0.0065,-0.1599,-0.4817,1.3890,1.5827,0.4790,0.2428,0.2876
13.0699,0.1592,-0.4525,-1.3944,1.5547,-0.4782,0.2339,0.0065,-0.1607,-0.4824,1.3902,1.5819,0.4805,0.2424,0.2876
13.1201,0.1588,-0.4529,-1.3940,1.5532,-0.4786,0.2335,0.0069,-0.1611,-0.4824,1.3906,1.5804,0.4801,0.2424,0.2880
13.1700,0.1588,-0.4537,-1.3940,1.5532,-0.4786,0.2335,0.0065,-0.1611,-0.4824,1.3909,1.5796,0.4798,0.2431,0.2884
13.2199,0.1588,-0.4541,-1.3944,1.5528,-0.4786,0.2335,0.0073,-0.1618,-0.4821,1.3909,1.5785,0.4809,0.2420,0.2876
13.2801,0.1592,-0.4529,-1.3936,1.5528,-0.4782,0.2335,0.0069,-0.1611,-0.4828,1.3902,1.5792,0.4809,0.2420,0.2880
13.3301,0.1592,-0.4541,-1.3936,1.5524,-0.4863,0.2335,0.0061,-0.1622,-0.4847,1.3902,1.5796,0.4874,0.2428,0.2876
13.3801,0.1592,-0.4579,-1.3936,1.5535,-0.4955,0.2332,0.0061,-0.1626,-0.4874,1.3906,1.5808,0.4959,0.2424,0.2884
13.4302,0.1599,-0.4644,-1.3932,1.5539,-0.5081,0.2328,0.0061,-0.1653,-0.4936,1.3921,1.5827,0.5100,0.2401,0.2880
13.4801,0.1622,-0.4763,-1.3925,1.5562,-0.5173,0.2328,0.0065,-0.1695,-0.5039,1.3932,1.5858,0.5166,0.2431,0.2880
13.5400,0.1661,-0.4936,-1.3944,1.5608,-0.5315,0.2328,0.0073,-0.1772,-0.5189,1.3986,1.5957,0.5323,0.2397,0.2884
13.5900,0.1718,-0.5081,-1.3975,1.5650,-0.5369,0.2320,0.0069,-0.1864,-0.5331,1.4040,1.6034,0.5357,0.2412,0.2880
13.6399,0.1756,-0.5235,-1.4047,1.5696,-0.5373,0.2312,0.0065,-0.1937,-0.5465,1.4120,1.6118,0.5361,0.2397,0.2876
13.6907,0.1818,-0.5357,-1.4120,1.5739,-0.5392,0.2378,0.0061,-0.2029,-0.5603,1.4182,1.6180,0.5384,0.2500,0.2876
13.7500,0.1891,-0.5538,-1.4170,1.5812,-0.5542,0.2316,0.0065,-0.2125,-0.5756,1.4251,1.6295,0.5515,0.2435,0.2888
13.8000,0.1929,-0.5660,-1.4220,1.5869,-0.5572,0.2309,0.0065,-0.2201,-0.5867,1.4293,1.6356,0.5542,0.2420,0.2880
13.8499,0.1990,-0.5772,-1.4281,1.5961,-0.5557,0.2305,0.0061,-0.2270,-0.5963,1.4362,1.6444,0.5561,0.2362,0.2884
13.8999,0.2033,-0.5864,-1.4320,1.6015,-0.5561,0.2389,0.0061,-0.2332,-0.6052,1.4385,1.6506,0.5557,0.2512,0.2876
13.9500,0.2071,-0.5944,-1.4354,1.6068,-0.5561,0.2339,0.0065,-0.2374,-0.6105,1.4412,1.6563,0.5557,0.2497,0.2884
14.0101,0.2105,-0.5994,-1.4377,1.6114,-0.5553,0.2347,0.0073,-0.2416,-0.6121,1.4442,1.6613,0.5565,0.2512,0.2876
14.0601,0.2117,-0.6006,-1.4377,1.6126,-0.5595,0.2316,0.0069,-0.2416,-0.6121,1.4442,1.6621,0.5584,0.2477,0.2876
14.1099,0.2140,-0.6040,-1.4385,1.6187,-0.5706,0.2320,0.0069,-0.2428,-0.6151,1.4446,1.6701,0.5683,0.2343,0.2876
14.1600,0.2171,-0.6078,-1.4389,1.6245,-0.5741,0.2328,0.0065,-0.2458,-0.6178,1.4462,1.6759,0.5710,0.2358,0.2872
14.2099,0.2209,-0.6124,-1.4419,1.6299,-0.5737,0.2309,0.0069,-0.2493,-0.6224,1.4481,1.6824,0.5714,0.2382,0.2880
14.2701,0.2259,-0.6193,-1.4431,1.6379,-0.5737,0.2324,0.0073,-0.2558,-0.6285,1.4504,1.6885,0.5714,0.2477,0.2888
14.3201,0.2293,-0.6243,-1.4454,1.6410,-0.5787,0.2328,0.0069,-0.2585,-0.6324,1.4511,1.6939,0.5760,0.2454,0.2880
14.3700,0.2343,-0.6308,-1.4477,1.6475,-0.5883,0.2339,0.0061,-0.2631,-0.6389,1.4527,1.7000,0.5856,0.2466,0.2880
14.4201,0.2389,-0.6381,-1.4481,1.6521,-0.5910,0.2347,0.0069,-0.2681,-0.6439,1.4561,1.7050,0.5879,0.2454,0.2884
14.4701,0.2462,-0.6470,-1.4527,1.6621,-0.6036,0.2393,0.0069,-0.2777,-0.6519,1.4607,1.7154,0.6002,0.2516,0.2880
14.5300,0.2566,-0.6608,-1.4573,1.6736,-0.6067,0.2466,0.0069,-0.2892,-0.6638,1.4646,1.7269,0.6029,0.2600,0.2884
14.5801,0.2642,-0.6734,-1.4638,1.6828,-0.6090,0.2489,0.0069,-0.2995,-0.6730,1.4707,1.7361,0.6059,0.2646,0.2876
14.6302,0.2761,-0.6865,-1.4707,1.6954,-0.6186,0.2562,0.0069,-0.3125,-0.6838,1.4784,1.7484,0.6136,0.2673,0.2884
14.6801,0.2853,-0.6987,-1.4757,1.7069,-0.6216,0.2589,0.0065,-0.3241,-0.6934,1.4822,1.7591,0.6151,0.2711,0.2876
14.7300,0.2987,-0.7110,-1.4845,1.7230,-0.6270,0.2638,0.0065,-0.3382,-0.7037,1.4910,1.7748,0.6213,0.2769,0.2876
14.7901,0.3137,-0.7267,-1.4910,1.7399,-0.6285,0.2750,0.0065,-0.3540,-0.7160,1.4975,1.7917,0.6228,0.2826,0.2884
14.8401,0.3264,-0.7375,-1.4991,1.7545,-0.6320,0.2780,0.0065,-0.3662,-0.7244,1.5041,1.8059,0.6255,0.2857,0.2880
14.8900,0.3417,-0.7501,-1.5071,1.7717,-0.6343,0.2819,0.0065,-0.3800,-0.7336,1.5125,1.8216,0.6282,0.2911,0.2884
14.9399,0.3524,-0.7586,-1.5121,1.7852,-0.6355,0.2853,0.0061,-0.3908,-0.7398,1.5156,1.8346,0.6285,0.2949,0.2880
15.0001,0.3674,-0.7678,-1.5194,1.8009,-0.6351,0.2884,0.0065,-0.4042,-0.7467,1.5232,1.8481,0.6301,0.2987,0.2876
15.0501,0.3800,-0.7739,-1.5259,1.8143,-0.6393,0.2934,0.0073,-0.4161,-0.7524,1.5298,1.8596,0.6312,0.3018,0.2880
15.1002,0.3923,-0.7800,-1.5305,1.8293,-0.6404,0.2987,0.0065,-0.4264,-0.7566,1.5347,1.8734,0.6316,0.3041,0.2876
15.1501,0.4031,-0.7835,-1.5347,1.8423,-0.6397,0.3007,0.0069,-0.4368,-0.7589,1.5386,1.8837,0.6320,0.3091,0.2884
15.2000,0.4161,-0.7881,-1.5420,1.8550,-0.6412,0.3068,0.0065,-0.4487,-0.7635,1.5432,1.8983,0.6320,0.3148,0.2876
15.2600,0.4287,-0.7935,-1.5459,1.8699,-0.6408,0.3095,0.0065,-0.4590,-0.7662,1.5455,1.9117,0.6320,0.3175,0.2884
15.3101,0.4403,-0.7958,-1.5505,1.8818,-0.6412,0.3137,0.0065,-0.4705,-0.7674,1.5509,1.9225,0.6320,0.3210,0.2880
15.3601,0.4502,-0.7992,-1.5543,1.8895,-0.6412,0.3172,0.0061,-0.4790,-0.7697,1.5539,1.9286,0.6328,0.3248,0.2880
15.4099,0.4598,-0.8019,-1.5585,1.9010,-0.6408,0.3195,0.0069,-0.4867,-0.7704,1.5570,1.9393,0.6328,0.3271,0.2880
15.4601,0.4694,-0.8019,-1.5593,1.9121,-0.6397,0.3218,0.0061,-0.4936,-0.7712,1.5585,1.9497,0.6328,0.3298,0.2888
15.5200,0.4801,-0.8042,-1.5654,1.9255,-0.6404,0.3283,0.0065,-0.5035,-0.7712,1.5624,1.9643,0.6316,0.3325,0.2880
15.5702,0.4867,-0.8038,-1.5635,1.9313,-0.6393,0.3302,0.0069,-0.5077,-0.7716,1.5635,1.9719,0.6324,0.3336,0.2884
15.6203,0.4951,-0.8053,-1.5700,1.9393,-0.6412,0.3310,0.0073,-0.5135,-0.7727,1.5662,1.9781,0.6316,0.3398,0.2872
15.6699,0.5051,-0.8073,-1.5739,1.9501,-0.6393,0.3421,0.0065,-0.5193,-0.7731,1.5677,1.9857,0.6316,0.3455,0.2880
15.7203,0.5127,-0.8088,-1.5742,1.9597,-0.6397,0.3463,0.0061,-0.5250,-0.7739,1.5696,1.9946,0.6305,0.3494,0.2880
15.7802,0.5246,-0.8107,-1.5796,1.9735,-0.6397,0.3497,0.0061,-0.5365,-0.7750,1.5739,2.0057,0.6301,0.3551,0.2884
15.8301,0.5311,-0.8107,-1.5808,1.9785,-0.6389,0.3513,0.0065,-0.5430,-0.7762,1.5735,2.0110,0.6278,0.3609,0.2876
15.8800,0.5423,-0.8126,-1.5877,1.9892,-0.6362,0.3597,0.0069,-0.5538,-0.7766,1.5788,2.0206,0.6247,0.3685,0.2869
15.9301,0.5534,-0.8122,-1.5900,2.0015,-0.6355,0.3716,0.0065,-0.5634,-0.7762,1.5800,2.0314,0.6224,0.3770,0.2884
15.9805,0.5672,-0.8138,-1.5961,2.0176,-0.6282,0.3804,0.0061,-0.5764,-0.7758,1.5838,2.0448,0.6174,0.3866,0.2880
16.0400,0.5875,-0.8165,-1.6034,2.0387,-0.6201,0.3965,0.0069,-0.5963,-0.7808,1.5873,2.0628,0.6044,0.4015,0.2880
16.0901,0.6021,-0.8207,-1.6065,2.0532,-0.6186,0.3996,0.0065,-0.6098,-0.7819,1.5896,2.0774,0.6002,0.4054,0.2884
16.1400,0.6216,-0.8211,-1.6141,2.0701,-0.6067,0.4057,0.0065,-0.6255,-0.7796,1.5930,2.0916,0.5875,0.4123,0.2876
16.1901,0.6366,-0.8161,-1.6187,2.0862,-0.5975,0.4130,0.0061,-0.6374,-0.7747,1.5965,2.1058,0.5810,0.4195,0.2880
16.2501,0.6562,-0.8092,-1.6260,2.1069,-0.5798,0.4226,0.0069,-0.6535,-0.7643,1.5969,2.1234,0.5626,0.4249,0.2880
16.3000,0.6715,-0.7984,-1.6283,2.1242,-0.5699,0.4307,0.0065,-0.6654,-0.7574,1.5984,2.1380,0.5511,0.4310,0.2884
16.3499,0.6842,-0.7912,-1.6295,2.1403,-0.5683,0.4333,0.0069,-0.6784,-0.7474,1.5992,2.1510,0.5492,0.4349,0.2880
16.4001,0.6957,-0.7808,-1.6314,2.1499,-0.5668,0.4353,0.0065,-0.6876,-0.7409,1.5996,2.1614,0.5492,0.4383,0.2872
16.4501,0.7056,-0.7750,-1.6333,2.1579,-0.5572,0.4341,0.0065,-0.6960,-0.7352,1.6011,2.1687,0.5403,0.4364,0.2876
16.5099,0.7191,-0.7670,-1.6360,2.1737,-0.5342,0.4372,0.0061,-0.7064,-0.7275,1.6026,2.1806,0.5131,0.4399,0.2880
16.5602,0.7279,-0.7593,-1.6360,2.1859,-0.5242,0.4422,0.0065,-0.7137,-0.7210,1.6011,2.1928,0.5031,0.4426,0.2880
16.6122,0.7390,-0.7513,-1.6406,2.1982,-0.5054,0.4468,0.0069,-0.7225,-0.7122,1.6022,2.2047,0.4828,0.4472,0.2888
16.6600,0.7486,-0.7401,-1.6387,2.2116,-0.4901,0.4498,0.0061,-0.7290,-0.7029,1.6026,2.2155,0.4663,0.4491,0.2880
16.7101,0.7582,-0.7309,-1.6398,2.2227,-0.4874,0.4510,0.0061,-0.7378,-0.6937,1.6007,2.2266,0.4640,0.4514,0.2884
16.7701,0.7701,-0.7179,-1.6414,2.2319,-0.4778,0.4537,0.0069,-0.7463,-0.6830,1.6003,2.2381,0.4560,0.4541,0.2876
16.8200,0.7785,-0.7079,-1.6425,2.2400,-0.4590,0.4537,0.0069,-0.7532,-0.6711,1.6015,2.2465,0.4345,0.4548,0.2876
16.8702,0.7869,-0.6980,-1.6414,2.2484,-0.4452,0.4552,0.0065,-0.7597,-0.6627,1.6003,2.2538,0.4234,0.4548,0.2872
16.9200,0.7923,-0.6876,-1.6417,2.2565,-0.4241,0.4541,0.0065,-0.7651,-0.6535,1.5999,2.2599,0.4023,0.4533,0.2880
16.9701,0.7977,-0.6761,-1.6410,2.2649,-0.4138,0.4556,0.0065,-0.7697,-0.6431,1.5984,2.2668,0.3896,0.4552,0.2872
17.0301,0.8034,-0.6642,-1.6421,2.2722,-0.4061,0.4556,0.0069,-0.7743,-0.6320,1.5946,2.2749,0.3846,0.4560,0.2876
17.0800,0.8069,-0.6531,-1.6429,2.2780,-0.3846,0.4544,0.0061,-0.7789,-0.6220,1.5934,2.2787,0.3609,0.4556,0.2876
17.1301,0.8111,-0.6431,-1.6410,2.2852,-0.3731,0.4548,0.0061,-0.7819,-0.6124,1.5896,2.2845,0.3497,0.4556,0.2880
17.1801,0.8153,-0.6335,-1.6414,2.2914,-0.3731,0.4541,0.0065,-0.7869,-0.6021,1.5854,2.2918,0.3490,0.4541,0.2876
17.2302,0.8191,-0.6232,-1.6394,2.2964,-0.3693,0.4571,0.0069,-0.7892,-0.5940,1.5831,2.2956,0.3459,0.4571,0.2880
17.2900,0.8234,-0.6140,-1.6394,2.3017,-0.3428,0.4560,0.0065,-0.7931,-0.5844,1.5808,2.2991,0.3183,0.4571,0.2880
17.3401,0.8245,-0.6067,-1.6360,2.3052,-0.3298,0.4564,0.0061,-0.7942,-0.5775,1.5750,2.3037,0.3064,0.4571,0.2872
17.3901,0.8272,-0.5986,-1.6352,2.3090,-0.3156,0.4548,0.0065,-0.7958,-0.5703,1.5716,2.3075,0.2957,0.4564,0.2872
17.4423,0.8291,-0.5841,-1.6314,2.3144,-0.2918,0.4548,0.0069,-0.7988,-0.5580,1.5685,2.3129,0.2711,0.4571,0.2872
17.5004,0.8303,-0.5749,-1.6272,2.3186,-0.2800,0.4541,0.0061,-0.7992,-0.5492,1.5643,2.3175,0.2589,0.4564,0.2884
17.5503,0.8322,-0.5637,-1.6241,2.3244,-0.2658,0.4529,0.0073,-0.8023,-0.5396,1.5608,2.3213,0.2447,0.4541,0.2880
17.6000,0.8333,-0.5538,-1.6168,2.3270,-0.2631,0.4525,0.0065,-0.8023,-0.5311,1.5543,2.3251,0.2420,0.4521,0.2872
17.6499,0.8349,-0.5442,-1.6149,2.3301,-0.2619,0.4525,0.0065,-0.8042,-0.5239,1.5520,2.3282,0.2420,0.4525,0.2876
17.7002,0.8356,-0.5361,-1.6084,2.3328,-0.2619,0.4514,0.0065,-0.8046,-0.5177,1.5482,2.3305,0.2412,0.4518,0.2880
17.7602,0.8368,-0.5327,-1.6045,2.3340,-0.2558,0.4510,0.0061,-0.8061,-0.5143,1.5447,2.3317,0.2358,0.4521,0.2872
17.8100,0.8372,-0.5296,-1.6038,2.3340,-0.2489,0.4510,0.0069,-0.8061,-0.5131,1.5447,2.3320,0.2282,0.4510,0.2876
17.8609,0.8364,-0.5288,-1.6007,2.3355,-0.2466,0.4506,0.0065,-0.8073,-0.5112,1.5428,2.3336,0.2240,0.4479,0.2880
17.9102,0.8360,-0.5277,-1.5984,2.3359,-0.2466,0.4502,0.0065,-0.8069,-0.5104,1.5420,2.3340,0.2236,0.4487,0.2884
17.9601,0.8368,-0.5273,-1.5965,2.3363,-0.2500,0.4487,0.0065,-0.8050,-0.5108,1.5405,2.3340,0.2251,0.4460,0.2880
18.0200,0.8349,-0.5288,-1.5957,2.3351,-0.2523,0.4441,0.0061,-0.8046,-0.5120,1.5397,2.3340,0.2274,0.4429,0.2880
18.0699,0.8326,-0.5285,-1.5946,2.3359,-0.2531,0.4422,0.0065,-0.8038,-0.5127,1.5393,2.3343,0.2274,0.4429,0.2872
18.1202,0.8287,-0.5269,-1.5927,2.3355,-0.2535,0.4414,0.0065,-0.8038,-0.5120,1.5390,2.3343,0.2289,0.4422,0.2876
18.1701,0.8260,-0.5292,-1.5896,2.3343,-0.2608,0.4391,0.0065,-0.8015,-0.5143,1.5359,2.3328,0.2382,0.4372,0.2880
18.2202,0.8230,-0.5323,-1.5884,2.3328,-0.2646,0.4364,0.0061,-0.8000,-0.5185,1.5340,2.3320,0.2393,0.4337,0.2884
18.2799,0.8176,-0.5342,-1.5861,2.3313,-0.2654,0.4360,0.0061,-0.7946,-0.5239,1.5332,2.3301,0.2401,0.4333,0.2880
18.3300,0.8142,-0.5357,-1.5854,2.3297,-0.2650,0.4341,0.0073,-0.7912,-0.5269,1.5324,2.3293,0.2401,0.4330,0.2884
18.3800,0.8111,-0.5377,-1.5835,2.3282,-0.2654,0.4326,0.0069,-0.7885,-0.5281,1.5336,2.3274,0.2401,0.4310,0.2884
18.4301,0.8080,-0.5384,-1.5823,2.3263,-0.2650,0.4337,0.0061,-0.7842,-0.5300,1.5328,2.3259,0.2408,0.4318,0.2880
18.4801,0.8069,-0.5407,-1.5812,2.3259,-0.2707,0.4330,0.0069,-0.7816,-0.5327,1.5313,2.3255,0.2477,0.4295,0.2880
18.5400,0.8038,-0.5449,-1.5792,2.3236,-0.2761,0.4284,0.0065,-0.7785,-0.5365,1.5294,2.3228,0.2512,0.4264,0.2872
18.5902,0.8007,-0.5499,-1.5781,2.3209,-0.2761,0.4280,0.0069,-0.7750,-0.5407,1.5290,2.3205,0.2535,0.4264,0.2880
18.6401,0.7984,-0.5526,-1.5765,2.3201,-0.2704,0.4261,0.0061,-0.7724,-0.5419,1.5290,2.3194,0.2500,0.4245,0.2876
18.6903,0.7965,-0.5492,-1.5773,2.3205,-0.2500,0.4261,0.0065,-0.7704,-0.5392,1.5278,2.3190,0.2309,0.4241,0.2872
18.7499,0.7958,-0.5426,-1.5735,2.3209,-0.2412,0.4264,0.0065,-0.7701,-0.5338,1.5236,2.3190,0.2217,0.4249,0.2880
18.8001,0.7946,-0.5384,-1.5704,2.3213,-0.2412,0.4261,0.0061,-0.7701,-0.5311,1.5206,2.3194,0.2213,0.4257,0.2880
18.8502,0.7954,-0.5334,-1.5696,2.3217,-0.2320,0.4268,0.0061,-0.7689,-0.5265,1.5202,2.3194,0.2128,0.4257,0.2880
18.9000,0.7961,-0.5273,-1.5685,2.3232,-0.2040,0.4268,0.0065,-0.7697,-0.5208,1.5194,2.3209,0.1841,0.4245,0.2884
18.9500,0.7958,-0.5212,-1.5650,2.3259,-0.1883,0.4264,0.0061,-0.7704,-0.5139,1.5152,2.3240,0.1672,0.4245,0.2880
19.0101,0.7973,-0.5143,-1.5604,2.3282,-0.1852,0.4261,0.0065,-0.7712,-0.5054,1.5106,2.3263,0.1645,0.4241,0.2884
19.0602,0.7992,-0.5051,-1.5589,2.3309,-0.1603,0.4261,0.0065,-0.7724,-0.4966,1.5102,2.3286,0.1381,0.4238,0.2876
19.1099,0.8015,-0.4959,-1.5562,2.3347,-0.1388,0.4253,0.0061,-0.7735,-0.4878,1.5075,2.3320,0.1166,0.4249,0.2880
19.1602,0.8046,-0.4855,-1.5524,2.3378,-0.1350,0.4253,0.0065,-0.7758,-0.4805,1.5018,2.3347,0.1147,0.4261,0.2872
19.2102,0.8069,-0.4755,-1.5516,2.3405,-0.1135,0.4264,0.0061,-0.7793,-0.4705,1.5010,2.3378,0.0940,0.4261,0.2884
19.2702,0.8126,-0.4590,-1.5474,2.3458,-0.0790,0.4280,0.0061,-0.7846,-0.4552,1.4964,2.3420,0.0556,0.4276,0.2884
19.3201,0.8165,-0.4475,-1.5409,2.3497,-0.0690,0.4280,0.0061,-0.7885,-0.4441,1.4914,2.3470,0.0479,0.4295,0.2876
19.3700,0.8207,-0.4360,-1.5363,2.3531,-0.0499,0.4284,0.0065,-0.7942,-0.4326,1.4891,2.3504,0.0314,0.4303,0.2888
19.4200,0.8241,-0.4226,-1.5332,2.3581,-0.0234,0.4287,0.0065,-0.7984,-0.4199,1.4857,2.3539,0.0027,0.4291,0.2884
19.4700,0.8287,-0.4107,-1.5278,2.3612,-0.0153,0.4287,0.0065,-0.8027,-0.4080,1.4811,2.3589,-0.0065,0.4299,0.2884
19.5300,0.8345,-0.4004,-1.5183,2.3658,-0.0161,0.4287,0.0061,-0.8099,-0.4000,1.4745,2.3631,-0.0077,0.4310,0.2876
19.5800,0.8379,-0.3927,-1.5140,2.3692,-0.0153,0.4295,0.0065,-0.8134,-0.3946,1.4703,2.3665,-0.0077,0.4322,0.2876
19.6302,0.8414,-0.3873,-1.5148,2.3708,-0.0153,0.4322,0.0065,-0.8176,-0.3877,1.4703,2.3681,-0.0081,0.4341,0.2884
19.6799,0.8437,-0.3820,-1.5117,2.3715,0.0077,0.4307,0.0065,-0.8195,-0.3831,1.4684,2.3692,-0.0280,0.4326,0.2876
19.7300,0.8448,-0.3743,-1.5106,2.3738,0.0372,0.4314,0.0069,-0.8203,-0.3754,1.4676,2.3708,-0.0675,0.4333,0.2872
19.7901,0.8452,-0.3670,-1.5052,2.3758,0.0464,0.4318,0.0065,-0.8226,-0.3682,1.4596,2.3735,-0.0717,0.4330,0.2884
19.8401,0.8452,-0.3597,-1.5014,2.3769,0.0525,0.4322,0.0065,-0.8234,-0.3620,1.4573,2.3754,-0.0771,0.4333,0.2884
19.8900,0.8471,-0.3536,-1.4979,2.3788,0.0640,0.4314,0.0061,-0.8245,-0.3570,1.4550,2.3761,-0.0863,0.4330,0.2880
19.9401,0.8487,-0.3467,-1.4922,2.3800,0.0721,0.4310,0.0061,-0.8264,-0.3524,1.4504,2.3773,-0.0928,0.4337,0.2880
20.0001,0.8491,-0.3398,-1.4891,2.3815,0.0725,0.4310,0.0069,-0.8268,-0.3463,1.4450,2.3781,-0.0932,0.4333,0.2884
20.0501,0.8498,-0.3363,-1.4837,2.3834,0.0775,0.4322,0.0061,-0.8287,-0.3428,1.4446,2.3784,-0.0959,0.4341,0.2880
20.1000,0.8502,-0.3329,-1.4826,2.3834,0.0947,0.4307,0.0061,-0.8291,-0.3405,1.4427,2.3792,-0.1170,0.4353,0.2888
20.1502,0.8502,-0.3298,-1.4791,2.3838,0.1058,0.4314,0.0061,-0.8283,-0.3371,1.4385,2.3792,-0.1285,0.4360,0.2872
20.2000,0.8502,-0.3256,-1.4742,2.3834,0.1081,0.4318,0.0065,-0.8291,-0.3336,1.4347,2.3811,-0.1296,0.4341,0.2880
20.2600,0.8498,-0.3218,-1.4688,2.3853,0.1085,0.4291,0.0069,-0.8287,-0.3294,1.4320,2.3830,-0.1304,0.4341,0.2884
20.3101,0.8510,-0.3191,-1.4673,2.3869,0.1085,0.4314,0.0058,-0.8299,-0.3279,1.4312,2.3834,-0.1300,0.4353,0.2884
20.3601,0.8514,-0.3183,-1.4657,2.3869,0.1147,0.4314,0.0069,-0.8307,-0.3271,1.4301,2.3830,-0.1338,0.4349,0.2876
20.4099,0.8514,-0.3156,-1.4657,2.3876,0.1346,0.4307,0.0061,-0.8303,-0.3256,1.4281,2.3838,-0.1511,0.4349,0.2880
20.4602,0.8506,-0.3110,-1.4619,2.3884,0.1450,0.4310,0.0065,-0.8310,-0.3221,1.4251,2.3853,-0.1726,0.4349,0.2880
20.5206,0.8502,-0.3076,-1.4577,2.3899,0.1450,0.4307,0.0069,-0.8310,-0.3191,1.4224,2.3861,-0.1687,0.4349,0.2884
20.5704,0.8514,-0.3045,-1.4534,2.3911,0.1446,0.4299,0.0065,-0.8314,-0.3156,1.4197,2.3861,-0.1680,0.4345,0.2880
20.6201,0.8514,-0.3041,-1.4511,2.3911,0.1392,0.4307,0.0065,-0.8318,-0.3156,1.4193,2.3869,-0.1634,0.4357,0.2884
20.6700,0.8510,-0.3053,-1.4515,2.3899,0.1350,0.4299,0.0065,-0.8322,-0.3164,1.4174,2.3869,-0.1553,0.4345,0.2876
20.7203,0.8510,-0.3045,-1.4511,2.3907,0.1331,0.4303,0.0073,-0.8322,-0.3187,1.4174,2.3869,-0.1522,0.4333,0.2888
20.7801,0.8517,-0.3041,-1.4504,2.3899,0.1335,0.4303,0.0069,-0.8314,-0.3187,1.4159,2.3873,-0.1515,0.4345,0.2880
20.8301,0.8506,-0.3056,-1.4488,2.3911,0.1285,0.4303,0.0065,-0.8314,-0.3206,1.4147,2.3869,-0.1476,0.4330,0.2876
20.8800,0.8498,-0.3095,-1.4488,2.3903,0.1243,0.4307,0.0061,-0.8318,-0.3241,1.4139,2.3880,-0.1450,0.4337,0.2880
20.9299,0.8483,-0.3125,-1.4496,2.3903,0.1235,0.4303,0.0065,-0.8318,-0.3290,1.4136,2.3876,-0.1427,0.4326,0.2876
20.9799,0.8475,-0.3156,-1.4492,2.3899,0.1239,0.4299,0.0069,-0.8307,-0.3321,1.4136,2.3873,-0.1423,0.4341,0.2876
21.0400,0.8452,-0.3179,-1.4485,2.3915,0.1239,0.4299,0.0069,-0.8299,-0.3348,1.4132,2.3876,-0.1423,0.4333,0.2884
21.0900,0.8448,-0.3183,-1.4481,2.3907,0.1239,0.4303,0.0065,-0.8287,-0.3363,1.4139,2.3884,-0.1430,0.4333,0.2880
21.1399,0.8433,-0.3198,-1.4473,2.3907,0.1235,0.4299,0.0061,-0.8299,-0.3379,1.4139,2.3880,-0.1415,0.4333,0.2880
21.1901,0.8433,-0.3210,-1.4488,2.3903,0.1239,0.4303,0.0061,-0.8283,-0.3386,1.4136,2.3876,-0.1415,0.4330,0.2880
21.2501,0.8422,-0.3241,-1.4469,2.3907,0.1143,0.4291,0.0065,-0.8280,-0.3409,1.4128,2.3880,-0.1331,0.4326,0.2880
21.3000,0.8402,-0.3306,-1.4446,2.3903,0.1035,0.4284,0.0065,-0.8268,-0.3463,1.4120,2.3876,-0.1239,0.4295,0.2876
21.3500,0.8387,-0.3359,-1.4454,2.3899,0.1020,0.4280,0.0065,-0.8253,-0.3536,1.4128,2.3884,-0.1204,0.4303,0.2876
21.4002,0.8360,-0.3405,-1.4431,2.3903,0.1024,0.4264,0.0065,-0.8222,-0.3574,1.4116,2.3873,-0.1212,0.4299,0.2880
21.4501,0.8337,-0.3463,-1.4427,2.3899,0.1024,0.4241,0.0061,-0.8188,-0.3609,1.4105,2.3876,-0.1220,0.4276,0.2876
21.5102,0.8310,-0.3463,-1.4404,2.3896,0.1032,0.4238,0.0061,-0.8161,-0.3616,1.4074,2.3873,-0.1212,0.4261,0.2876
21.5602,0.8291,-0.3478,-1.4385,2.3892,0.1047,0.4234,0.0069,-0.8138,-0.3632,1.4074,2.3869,-0.1220,0.4249,0.2880
21.6100,0.8272,-0.3482,-1.4347,2.3888,0.1081,0.4215,0.0073,-0.8107,-0.3643,1.4055,2.3853,-0.1254,0.4245,0.2880
21.6602,0.8257,-0.3478,-1.4316,2.3896,0.1120,0.4207,0.0058,-0.8099,-0.3651,1.4013,2.3850,-0.1269,0.4249,0.2876
21.7099,0.8241,-0.3478,-1.4278,2.3892,0.1147,0.4199,0.0065,-0.8076,-0.3651,1.3982,2.3838,-0.1285,0.4241,0.2876
21.7702,0.8234,-0.3486,-1.4255,2.3884,0.1150,0.4207,0.0065,-0.8053,-0.3662,1.3971,2.3834,-0.1281,0.4241,0.2872
21.8201,0.8222,-0.3482,-1.4224,2.3896,0.1197,0.4199,0.0061,-0.8038,-0.3662,1.3936,2.3838,-0.1312,0.4234,0.2880
21.8700,0.8211,-0.3482,-1.4201,2.3888,0.1246,0.4195,0.0065,-0.8015,-0.3659,1.3921,2.3846,-0.1381,0.4203,0.2880
21.9201,0.8199,-0.3471,-1.4170,2.3884,0.1281,0.4199,0.0065,-0.8004,-0.3662,1.3879,2.3838,-0.1461,0.4203,0.2876
21.9704,0.8184,-0.3471,-1.4151,2.3896,0.1292,0.4188,0.0065,-0.7996,-0.3666,1.3852,2.3830,-0.1469,0.4199,0.2876
22.0300,0.8168,-0.3467,-1.4120,2.3888,0.1354,0.4176,0.0065,-0.7981,-0.3670,1.3833,2.3827,-0.1499,0.4188,0.2884
22.0801,0.8157,-0.3444,-1.4086,2.3880,0.1430,0.4169,0.0065,-0.7961,-0.3662,1.3813,2.3834,-0.1603,0.4195,0.2880
22.1301,0.8145,-0.3421,-1.4047,2.3892,0.1534,0.4165,0.0058,-0.7950,-0.3655,1.3790,2.3830,-0.1661,0.4192,0.2884
22.1800,0.8122,-0.3409,-1.4009,2.3896,0.1572,0.4161,0.0061,-0.7938,-0.3651,1.3771,2.3830,-0.1657,0.4192,0.2876
22.2301,0.8119,-0.3386,-1.3975,2.3896,0.1584,0.4161,0.0061,-0.7938,-0.3655,1.3760,2.3834,-0.1661,0.4195,0.2880
22.2901,0.8119,-0.3375,-1.3971,2.3896,0.1507,0.4165,0.0061,-0.7931,-0.3647,1.3744,2.3830,-0.1661,0.4192,0.2876
22.3401,0.8130,-0.3367,-1.3963,2.3896,0.1488,0.4169,0.0065,-0.7923,-0.3651,1.3729,2.3823,-0.1657,0.4188,0.2884
22.3901,0.8134,-0.3371,-1.3963,2.3903,0.1499,0.4169,0.0065,-0.7923,-0.3651,1.3737,2.3823,-0.1661,0.4192,0.2872
22.4402,0.8122,-0.3356,-1.3936,2.3911,0.1592,0.4157,0.0073,-0.7919,-0.3639,1.3710,2.3827,-0.1845,0.4188,0.2880
22.5000,0.8119,-0.3287,-1.3913,2.3915,0.1891,0.4146,0.0058,-0.7912,-0.3593,1.3675,2.3830,-0.2002,0.4192,0.2876
22.5501,0.8115,-0.3241,-1.3856,2.3919,0.1914,0.4123,0.0065,-0.7904,-0.3574,1.3641,2.3830,-0.2006,0.4188,0.2876
22.6001,0.8103,-0.3183,-1.3813,2.3934,0.1937,0.4115,0.0065,-0.7904,-0.3528,1.3610,2.3834,-0.2098,0.4184,0.2872
22.6500,0.8111,-0.3122,-1.3787,2.3938,0.2213,0.4115,0.0069,-0.7904,-0.3471,1.3580,2.3834,-0.2328,0.4184,0.2884
22.6999,0.8099,-0.3079,-1.3721,2.3945,0.2293,0.4111,0.0061,-0.7900,-0.3413,1.3530,2.3830,-0.2428,0.4184,0.2884
22.7600,0.8111,-0.3041,-1.3660,2.3949,0.2286,0.4119,0.0065,-0.7892,-0.3352,1.3468,2.3830,-0.2431,0.4176,0.2880
22.8102,0.8103,-0.3033,-1.3622,2.3961,0.2286,0.4107,0.0065,-0.7892,-0.3310,1.3430,2.3846,-0.2428,0.4184,0.2876
22.8600,0.8119,-0.3022,-1.3603,2.3965,0.2462,0.4103,0.0065,-0.7892,-0.3283,1.3407,2.3853,-0.2585,0.4180,0.2880
22.9099,0.8107,-0.3010,-1.3572,2.3972,0.2669,0.4107,0.0061,-0.7892,-0.3248,1.3376,2.3850,-0.2792,0.4188,0.2876
22.9600,0.8092,-0.2980,-1.3522,2.3980,0.2738,0.4107,0.0058,-0.7888,-0.3237,1.3330,2.3861,-0.2857,0.4188,0.2884
23.0201,0.8088,-0.2938,-1.3468,2.3988,0.2734,0.4103,0.0054,-0.7877,-0.3195,1.3277,2.3861,-0.2849,0.4184,0.2876
23.0701,0.8092,-0.2911,-1.3418,2.3991,0.2727,0.4100,0.0061,-0.7877,-0.3175,1.3246,2.3884,-0.2849,0.4180,0.2876
23.1200,0.8103,-0.2907,-1.3407,2.4007,0.2727,0.4100,0.0058,-0.7885,-0.3172,1.3219,2.3873,-0.2846,0.4184,0.2888
23.1699,0.8099,-0.2899,-1.3388,2.4007,0.2723,0.4103,0.0058,-0.7881,-0.3183,1.3208,2.3880,-0.2846,0.4188,0.2872
23.2203,0.8099,-0.2903,-1.3388,2.4011,0.2730,0.4103,0.0065,-0.7881,-0.3172,1.3192,2.3884,-0.2849,0.4192,0.2880
23.2802,0.8088,-0.2884,-1.3372,2.4007,0.2926,0.4096,0.0061,-0.7877,-0.3160,1.3185,2.3903,-0.3041,0.4180,0.2884
23.3302,0.8099,-0.2865,-1.3338,2.4011,0.3118,0.4100,0.0065,-0.7862,-0.3125,1.3158,2.3903,-0.3229,0.4184,0.2884
23.3800,0.8088,-0.2811,-1.3300,2.4014,0.3172,0.4100,0.0054,-0.7869,-0.3110,1.3112,2.3903,-0.3271,0.4195,0.2880
23.4301,0.8084,-0.2796,-1.3250,2.4018,0.3160,0.4103,0.0061,-0.7869,-0.3072,1.3070,2.3899,-0.3275,0.4188,0.2876
23.4802,0.8092,-0.2773,-1.3231,2.4018,0.3225,0.4103,0.0061,-0.7862,-0.3041,1.3047,2.3907,-0.3310,0.4192,0.2884
23.5399,0.8080,-0.2700,-1.3200,2.4022,0.3574,0.4096,0.0054,-0.7858,-0.3003,1.3023,2.3911,-0.3682,0.4192,0.2880
23.5900,0.8084,-0.2650,-1.3146,2.4026,0.3797,0.4103,0.0065,-0.7850,-0.2934,1.2970,2.3911,-0.3892,0.4211,0.2876
23.6401,0.8080,-0.2600,-1.3081,2.4022,0.3812,0.4126,0.0065,-0.7854,-0.2892,1.2908,2.3903,-0.3912,0.4241,0.2880
23.6901,0.8084,-0.2531,-1.3062,2.4034,0.3988,0.4146,0.0058,-0.7858,-0.2838,1.2882,2.3907,-0.4080,0.4257,0.2884
23.7522,0.8088,-0.2454,-1.2997,2.4030,0.4449,0.4188,0.0061,-0.7850,-0.2727,1.2801,2.3915,-0.4537,0.4284,0.2880
23.8002,0.8088,-0.2397,-1.2931,2.4034,0.4579,0.4203,0.0061,-0.7850,-0.2654,1.2736,2.3911,-0.4636,0.4322,0.2880
23.8501,0.8080,-0.2332,-1.2866,2.4034,0.4648,0.4215,0.0065,-0.7846,-0.2615,1.2655,2.3907,-0.4652,0.4372,0.2872
23.9000,0.8092,-0.2274,-1.2801,2.4026,0.4775,0.4280,0.0058,-0.7854,-0.2531,1.2605,2.3907,-0.4924,0.4433,0.2880
23.9501,0.8092,-0.2209,-1.2770,2.4037,0.5147,0.4314,0.0054,-0.7846,-0.2462,1.2517,2.3896,-0.5185,0.4449,0.2872
24.0103,0.8084,-0.2136,-1.2652,2.4018,0.5380,0.4368,0.0061,-0.7846,-0.2389,1.2425,2.3876,-0.5553,0.4552,0.2884
24.0600,0.8088,-0.2063,-1.2571,2.4014,0.5649,0.4479,0.0065,-0.7835,-0.2305,1.2310,2.3857,-0.5752,0.4679,0.2876
24.1099,0.8096,-0.2006,-1.2460,2.4026,0.5756,0.4621,0.0054,-0.7846,-0.2251,1.2187,2.3857,-0.5848,0.4836,0.2884
24.1600,0.8107,-0.1960,-1.2333,2.4045,0.5775,0.4740,0.0065,-0.7842,-0.2197,1.2053,2.3857,-0.5852,0.5024,0.2880
24.2099,0.8115,-0.1917,-1.2249,2.4072,0.5783,0.4828,0.0058,-0.7846,-0.2140,1.1946,2.3880,-0.5864,0.4978,0.2876
24.2703,0.8107,-0.1891,-1.2172,2.4083,0.5768,0.4878,0.0058,-0.7835,-0.2105,1.1896,2.3853,-0.5860,0.4916,0.2880
24.3201,0.8107,-0.1887,-1.2103,2.4087,0.5848,0.4955,0.0065,-0.7839,-0.2090,1.1858,2.3834,-0.5910,0.4847,0.2884
24.3701,0.8115,-0.1852,-1.2080,2.4087,0.6113,0.4985,0.0054,-0.7842,-0.2048,1.1846,2.3796,-0.6163,0.4962,0.2884
24.4202,0.8107,-0.1825,-1.2046,2.4076,0.6243,0.4932,0.0061,-0.7846,-0.2017,1.1831,2.3773,-0.6308,0.4962,0.2876
24.4702,0.8111,-0.1779,-1.2023,2.4060,0.6282,0.4909,0.0065,-0.7850,-0.1975,1.1812,2.3750,-0.6335,0.4970,0.2876
24.5300,0.8107,-0.1710,-1.2000,2.4041,0.6565,0.4928,0.0061,-0.7831,-0.1898,1.1808,2.3704,-0.6631,0.4978,0.2884
24.5801,0.8119,-0.1657,-1.1954,2.4018,0.6723,0.4951,0.0061,-0.7842,-0.1818,1.1766,2.3650,-0.6796,0.4978,0.2876
24.6301,0.8122,-0.1595,-1.1904,2.3984,0.6834,0.4962,0.0058,-0.7839,-0.1749,1.1743,2.3600,-0.6872,0.4982,0.2880
24.6800,0.8122,-0.1515,-1.1888,2.3934,0.7114,0.5012,0.0061,-0.7831,-0.1672,1.1723,2.3543,-0.7164,0.5012,0.2876
24.7300,0.8126,-0.1434,-1.1831,2.3884,0.7309,0.5039,0.0058,-0.7835,-0.1557,1.1674,2.3474,-0.7390,0.5054,0.2880
24.7902,0.8126,-0.1335,-1.1754,2.3815,0.7340,0.5054,0.0058,-0.7827,-0.1453,1.1601,2.3374,-0.7401,0.5120,0.2880
24.8401,0.8126,-0.1243,-1.1700,2.3765,0.7386,0.5054,0.0065,-0.7827,-0.1369,1.1566,2.3328,-0.7440,0.5116,0.2880
24.8900,0.8130,-0.1166,-1.1681,2.3735,0.7597,0.5100,0.0054,-0.7819,-0.1292,1.1562,2.3282,-0.7666,0.5139,0.2880
24.9401,0.8126,-0.1116,-1.1631,2.3688,0.7739,0.5123,0.0061,-0.7804,-0.1220,1.1516,2.3236,-0.7812,0.5127,0.2880
25.0001,0.8122,-0.1051,-1.1585,2.3623,0.7750,0.5135,0.0061,-0.7785,-0.1143,1.1490,2.3159,-0.7812,0.5131,0.2880
25.0502,0.8126,-0.1005,-1.1574,2.3589,0.7846,0.5162,0.0058,-0.7762,-0.1089,1.1467,2.3109,-0.7896,0.5135,0.2880
25.1000,0.8119,-0.0955,-1.1551,2.3547,0.8019,0.5204,0.0065,-0.7735,-0.1039,1.1443,2.3067,-0.8099,0.5154,0.2880
25.1501,0.8126,-0.0928,-1.1513,2.3512,0.8103,0.5196,0.0065,-0.7712,-0.1001,1.1409,2.3006,-0.8172,0.5177,0.2876
25.2001,0.8119,-0.0878,-1.1486,2.3451,0.8222,0.5223,0.0069,-0.7678,-0.0947,1.1371,2.2948,-0.8260,0.5204,0.2888
25.2602,0.8096,-0.0821,-1.1443,2.3382,0.8441,0.5277,0.0061,-0.7620,-0.0878,1.1317,2.2864,-0.8521,0.5269,0.2876
25.3101,0.8073,-0.0782,-1.1374,2.3317,0.8540,0.5296,0.0061,-0.7563,-0.0813,1.1263,2.2791,-0.8586,0.5273,0.2880
25.3600,0.8027,-0.0729,-1.1325,2.3236,0.8682,0.5311,0.0061,-0.7490,-0.0755,1.1217,2.2703,-0.8744,0.5265,0.2884
25.4102,0.7984,-0.0690,-1.1263,2.3163,0.8786,0.5319,0.0065,-0.7409,-0.0702,1.1144,2.2615,-0.8840,0.5262,0.2884
25.4603,0.7931,-0.0637,-1.1198,2.3083,0.8790,0.5342,0.0061,-0.7332,-0.0656,1.1079,2.2519,-0.8832,0.5281,0.2876
25.5202,0.7850,-0.0587,-1.1125,2.2987,0.8866,0.5331,0.0058,-0.7225,-0.0594,1.1010,2.2427,-0.8909,0.5254,0.2872
25.5701,0.7793,-0.0560,-1.1083,2.2933,0.8970,0.5350,0.0061,-0.7145,-0.0552,1.0976,2.2377,-0.9031,0.5269,0.2872
25.6201,0.7724,-0.0537,-1.1041,2.2864,0.9027,0.5342,0.0061,-0.7075,-0.0529,1.0930,2.2312,-0.9050,0.5262,0.2884
25.6701,0.7658,-0.0510,-1.0995,2.2803,0.9097,0.5346,0.0065,-0.7003,-0.0499,1.0887,2.2239,-0.9097,0.5265,0.2888
25.7202,0.7593,-0.0487,-1.0956,2.2745,0.9181,0.5346,0.0065,-0.6930,-0.0468,1.0834,2.2166,-0.9192,0.5269,0.2884
25.7801,0.7513,-0.0460,-1.0899,2.2653,0.9265,0.5365,0.0058,-0.6845,-0.0449,1.0772,2.2085,-0.9281,0.5265,0.2880
25.8301,0.7413,-0.0441,-1.0826,2.2561,0.9411,0.5384,0.0061,-0.6742,-0.0418,1.0707,2.1990,-0.9438,0.5246,0.2880
25.8802,0.7306,-0.0422,-1.0746,2.2450,0.9511,0.5369,0.0065,-0.6638,-0.0360,1.0619,2.1875,-0.9553,0.5262,0.2884
25.9301,0.7187,-0.0376,-1.0684,2.2331,0.9584,0.5384,0.0061,-0.6523,-0.0337,1.0550,2.1779,-0.9607,0.5269,0.2880
25.9902,0.7029,-0.0322,-1.0619,2.2208,0.9699,0.5380,0.0061,-0.6370,-0.0268,1.0462,2.1644,-0.9718,0.5242,0.2880
